0 1.050079e+00 
1 1.050204e+00 
2 1.050301e+00 
3 1.050376e+00 
4 1.050433e+00 
5 1.050476e+00 
6 1.050507e+00 
7 1.050530e+00 
8 1.050546e+00 
9 1.050556e+00 
10 1.050562e+00 
11 1.050565e+00 
12 1.050565e+00 
13 1.050563e+00 
14 1.050559e+00 
15 1.050554e+00 
16 1.050548e+00 
17 1.050541e+00 
18 1.050533e+00 
19 1.050524e+00 
20 1.050514e+00 
21 1.050503e+00 
22 1.050492e+00 
23 1.050479e+00 
24 1.050465e+00 
25 1.050451e+00 
26 1.050435e+00 
27 1.050418e+00 
28 1.050400e+00 
29 1.050381e+00 
30 1.050361e+00 
31 1.050339e+00 
32 1.050317e+00 
33 1.050293e+00 
34 1.050268e+00 
35 1.050242e+00 
36 1.050215e+00 
37 1.050187e+00 
38 1.050158e+00 
39 1.050128e+00 
40 1.050096e+00 
41 1.050064e+00 
42 1.050031e+00 
43 1.049997e+00 
44 1.049962e+00 
45 1.049926e+00 
46 1.049889e+00 
47 1.049852e+00 
48 1.049814e+00 
49 1.049775e+00 
50 1.049736e+00 
51 1.049696e+00 
52 1.049655e+00 
53 1.049614e+00 
54 1.049572e+00 
55 1.049530e+00 
56 1.049487e+00 
57 1.049444e+00 
58 1.049401e+00 
59 1.049357e+00 
60 1.049313e+00 
61 1.049269e+00 
62 1.049224e+00 
63 1.049179e+00 
64 1.049134e+00 
65 1.049089e+00 
66 1.049043e+00 
67 1.048998e+00 
68 1.048952e+00 
69 1.048906e+00 
70 1.048860e+00 
71 1.048814e+00 
72 1.048768e+00 
73 1.048722e+00 
74 1.048676e+00 
75 1.048630e+00 
76 1.048584e+00 
77 1.048538e+00 
78 1.048492e+00 
79 1.048446e+00 
80 1.048400e+00 
81 1.048354e+00 
82 1.048308e+00 
83 1.048262e+00 
84 1.048217e+00 
85 1.048171e+00 
86 1.048126e+00 
87 1.048080e+00 
88 1.048035e+00 
89 1.047990e+00 
90 1.047945e+00 
91 1.047900e+00 
92 1.047855e+00 
93 1.047811e+00 
94 1.047767e+00 
95 1.047722e+00 
96 1.047678e+00 
97 1.047634e+00 
98 1.047591e+00 
99 1.047547e+00 
101 1.047504e+00 
102 1.047460e+00 
103 1.047417e+00 
104 1.047375e+00 
105 1.047332e+00 
106 1.047289e+00 
107 1.047247e+00 
108 1.047205e+00 
109 1.047163e+00 
110 1.047121e+00 
111 1.047080e+00 
112 1.047038e+00 
113 1.046997e+00 
114 1.046956e+00 
115 1.046916e+00 
116 1.046875e+00 
117 1.046835e+00 
118 1.046794e+00 
119 1.046754e+00 
120 1.046715e+00 
121 1.046675e+00 
122 1.046636e+00 
123 1.046597e+00 
124 1.046558e+00 
125 1.046519e+00 
126 1.046480e+00 
127 1.046442e+00 
128 1.046404e+00 
129 1.046366e+00 
130 1.046328e+00 
131 1.046290e+00 
132 1.046253e+00 
133 1.046216e+00 
134 1.046179e+00 
135 1.046142e+00 
136 1.046105e+00 
137 1.046069e+00 
138 1.046032e+00 
139 1.045996e+00 
140 1.045961e+00 
141 1.045925e+00 
142 1.045889e+00 
143 1.045854e+00 
144 1.045819e+00 
145 1.045784e+00 
146 1.045749e+00 
147 1.045715e+00 
148 1.045680e+00 
149 1.045646e+00 
150 1.045612e+00 
151 1.045578e+00 
152 1.045545e+00 
153 1.045511e+00 
154 1.045478e+00 
155 1.045445e+00 
156 1.045412e+00 
157 1.045379e+00 
158 1.045346e+00 
159 1.045314e+00 
160 1.045282e+00 
161 1.045250e+00 
162 1.045218e+00 
163 1.045186e+00 
164 1.045154e+00 
165 1.045123e+00 
166 1.045092e+00 
167 1.045061e+00 
168 1.045030e+00 
169 1.044999e+00 
170 1.044968e+00 
171 1.044938e+00 
172 1.044908e+00 
173 1.044878e+00 
174 1.044848e+00 
175 1.044818e+00 
176 1.044788e+00 
177 1.044759e+00 
178 1.044729e+00 
179 1.044700e+00 
180 1.044671e+00 
181 1.044642e+00 
182 1.044614e+00 
183 1.044585e+00 
184 1.044557e+00 
185 1.044528e+00 
186 1.044500e+00 
187 1.044472e+00 
188 1.044445e+00 
189 1.044417e+00 
190 1.044389e+00 
191 1.044362e+00 
192 1.044335e+00 
193 1.044308e+00 
194 1.044281e+00 
195 1.044254e+00 
196 1.044227e+00 
197 1.044200e+00 
198 1.044174e+00 
199 1.044148e+00 
201 1.044122e+00 
202 1.044095e+00 
203 1.044070e+00 
204 1.044044e+00 
205 1.044018e+00 
206 1.043993e+00 
207 1.043967e+00 
208 1.043942e+00 
209 1.043917e+00 
210 1.043892e+00 
211 1.043867e+00 
212 1.043842e+00 
213 1.043818e+00 
214 1.043793e+00 
215 1.043769e+00 
216 1.043744e+00 
217 1.043720e+00 
218 1.043696e+00 
219 1.043672e+00 
220 1.043649e+00 
221 1.043625e+00 
222 1.043601e+00 
223 1.043578e+00 
224 1.043555e+00 
225 1.043531e+00 
226 1.043508e+00 
227 1.043485e+00 
228 1.043462e+00 
229 1.043440e+00 
230 1.043417e+00 
231 1.043394e+00 
232 1.043372e+00 
233 1.043350e+00 
234 1.043327e+00 
235 1.043305e+00 
236 1.043283e+00 
237 1.043261e+00 
238 1.043240e+00 
239 1.043218e+00 
240 1.043196e+00 
241 1.043175e+00 
242 1.043153e+00 
243 1.043132e+00 
244 1.043111e+00 
245 1.043090e+00 
246 1.043069e+00 
247 1.043048e+00 
248 1.043027e+00 
249 1.043006e+00 
250 1.042986e+00 
251 1.042965e+00 
252 1.042945e+00 
253 1.042924e+00 
254 1.042904e+00 
255 1.042884e+00 
256 1.042864e+00 
257 1.042844e+00 
258 1.042824e+00 
259 1.042804e+00 
260 1.042785e+00 
261 1.042765e+00 
262 1.042746e+00 
263 1.042726e+00 
264 1.042707e+00 
265 1.042688e+00 
266 1.042668e+00 
267 1.042649e+00 
268 1.042630e+00 
269 1.042611e+00 
270 1.042592e+00 
271 1.042574e+00 
272 1.042555e+00 
273 1.042536e+00 
274 1.042518e+00 
275 1.042500e+00 
276 1.042481e+00 
277 1.042463e+00 
278 1.042445e+00 
279 1.042427e+00 
280 1.042409e+00 
281 1.042391e+00 
282 1.042373e+00 
283 1.042355e+00 
284 1.042337e+00 
285 1.042320e+00 
286 1.042302e+00 
287 1.042284e+00 
288 1.042267e+00 
289 1.042250e+00 
290 1.042232e+00 
291 1.042215e+00 
292 1.042198e+00 
293 1.042181e+00 
294 1.042164e+00 
295 1.042147e+00 
296 1.042130e+00 
297 1.042113e+00 
298 1.042097e+00 
299 1.042080e+00 
301 1.042063e+00 
302 1.042047e+00 
303 1.042030e+00 
304 1.042014e+00 
305 1.041998e+00 
306 1.041981e+00 
307 1.041965e+00 
308 1.041949e+00 
309 1.041933e+00 
310 1.041917e+00 
311 1.041901e+00 
312 1.041885e+00 
313 1.041869e+00 
314 1.041854e+00 
315 1.041838e+00 
316 1.041822e+00 
317 1.041807e+00 
318 1.041791e+00 
319 1.041776e+00 
320 1.041760e+00 
321 1.041745e+00 
322 1.041730e+00 
323 1.041714e+00 
324 1.041699e+00 
325 1.041684e+00 
326 1.041669e+00 
327 1.041654e+00 
328 1.041639e+00 
329 1.041624e+00 
330 1.041609e+00 
331 1.041595e+00 
332 1.041580e+00 
333 1.041565e+00 
334 1.041551e+00 
335 1.041536e+00 
336 1.041522e+00 
337 1.041507e+00 
338 1.041493e+00 
339 1.041479e+00 
340 1.041464e+00 
341 1.041450e+00 
342 1.041436e+00 
343 1.041422e+00 
344 1.041408e+00 
345 1.041394e+00 
346 1.041380e+00 
347 1.041366e+00 
348 1.041352e+00 
349 1.041338e+00 
350 1.041324e+00 
351 1.041311e+00 
352 1.041297e+00 
353 1.041283e+00 
354 1.041270e+00 
355 1.041256e+00 
356 1.041243e+00 
357 1.041229e+00 
358 1.041216e+00 
359 1.041202e+00 
360 1.041189e+00 
361 1.041176e+00 
362 1.041163e+00 
363 1.041149e+00 
364 1.041136e+00 
365 1.041123e+00 
366 1.041110e+00 
367 1.041097e+00 
368 1.041084e+00 
369 1.041071e+00 
370 1.041058e+00 
371 1.041046e+00 
372 1.041033e+00 
373 1.041020e+00 
374 1.041007e+00 
375 1.040995e+00 
376 1.040982e+00 
377 1.040970e+00 
378 1.040957e+00 
379 1.040945e+00 
380 1.040932e+00 
381 1.040920e+00 
382 1.040907e+00 
383 1.040895e+00 
384 1.040883e+00 
385 1.040870e+00 
386 1.040858e+00 
387 1.040846e+00 
388 1.040834e+00 
389 1.040822e+00 
390 1.040810e+00 
391 1.040798e+00 
392 1.040786e+00 
393 1.040774e+00 
394 1.040762e+00 
395 1.040750e+00 
396 1.040738e+00 
397 1.040726e+00 
398 1.040715e+00 
399 1.040703e+00 
401 1.040691e+00 
402 1.040680e+00 
403 1.040668e+00 
404 1.040656e+00 
405 1.040645e+00 
406 1.040633e+00 
407 1.040622e+00 
408 1.040610e+00 
409 1.040599e+00 
410 1.040588e+00 
411 1.040576e+00 
412 1.040565e+00 
413 1.040554e+00 
414 1.040543e+00 
415 1.040531e+00 
416 1.040520e+00 
417 1.040509e+00 
418 1.040498e+00 
419 1.040487e+00 
420 1.040476e+00 
421 1.040465e+00 
422 1.040454e+00 
423 1.040443e+00 
424 1.040432e+00 
425 1.040421e+00 
426 1.040410e+00 
427 1.040400e+00 
428 1.040389e+00 
429 1.040378e+00 
430 1.040367e+00 
431 1.040357e+00 
432 1.040346e+00 
433 1.040335e+00 
434 1.040325e+00 
435 1.040314e+00 
436 1.040304e+00 
437 1.040293e+00 
438 1.040283e+00 
439 1.040272e+00 
440 1.040262e+00 
441 1.040251e+00 
442 1.040241e+00 
443 1.040231e+00 
444 1.040220e+00 
445 1.040210e+00 
446 1.040200e+00 
447 1.040190e+00 
448 1.040180e+00 
449 1.040169e+00 
450 1.040159e+00 
451 1.040149e+00 
452 1.040139e+00 
453 1.040129e+00 
454 1.040119e+00 
455 1.040109e+00 
456 1.040099e+00 
457 1.040089e+00 
458 1.040079e+00 
459 1.040069e+00 
460 1.040060e+00 
461 1.040050e+00 
462 1.040040e+00 
463 1.040030e+00 
464 1.040020e+00 
465 1.040011e+00 
466 1.040001e+00 
467 1.039991e+00 
468 1.039982e+00 
469 1.039972e+00 
470 1.039962e+00 
471 1.039953e+00 
472 1.039943e+00 
473 1.039934e+00 
474 1.039924e+00 
475 1.039915e+00 
476 1.039905e+00 
477 1.039896e+00 
478 1.039887e+00 
479 1.039877e+00 
480 1.039868e+00 
481 1.039859e+00 
482 1.039849e+00 
483 1.039840e+00 
484 1.039831e+00 
485 1.039822e+00 
486 1.039812e+00 
487 1.039803e+00 
488 1.039794e+00 
489 1.039785e+00 
490 1.039776e+00 
491 1.039767e+00 
492 1.039758e+00 
493 1.039749e+00 
494 1.039740e+00 
495 1.039731e+00 
496 1.039722e+00 
497 1.039713e+00 
498 1.039704e+00 
499 1.039695e+00 
501 1.039686e+00 
502 1.039677e+00 
503 1.039669e+00 
504 1.039660e+00 
505 1.039651e+00 
506 1.039642e+00 
507 1.039634e+00 
508 1.039625e+00 
509 1.039616e+00 
510 1.039608e+00 
511 1.039599e+00 
512 1.039590e+00 
513 1.039582e+00 
514 1.039573e+00 
515 1.039565e+00 
516 1.039556e+00 
517 1.039548e+00 
518 1.039539e+00 
519 1.039531e+00 
520 1.039522e+00 
521 1.039514e+00 
522 1.039505e+00 
523 1.039497e+00 
524 1.039489e+00 
525 1.039480e+00 
526 1.039472e+00 
527 1.039464e+00 
528 1.039456e+00 
529 1.039447e+00 
530 1.039439e+00 
531 1.039431e+00 
532 1.039423e+00 
533 1.039415e+00 
534 1.039406e+00 
535 1.039398e+00 
536 1.039390e+00 
537 1.039382e+00 
538 1.039374e+00 
539 1.039366e+00 
540 1.039358e+00 
541 1.039350e+00 
542 1.039342e+00 
543 1.039334e+00 
544 1.039326e+00 
545 1.039318e+00 
546 1.039310e+00 
547 1.039302e+00 
548 1.039295e+00 
549 1.039287e+00 
550 1.039279e+00 
551 1.039271e+00 
552 1.039263e+00 
553 1.039256e+00 
554 1.039248e+00 
555 1.039240e+00 
556 1.039233e+00 
557 1.039225e+00 
558 1.039217e+00 
559 1.039210e+00 
560 1.039202e+00 
561 1.039194e+00 
562 1.039187e+00 
563 1.039179e+00 
564 1.039172e+00 
565 1.039164e+00 
566 1.039157e+00 
567 1.039149e+00 
568 1.039142e+00 
569 1.039134e+00 
570 1.039127e+00 
571 1.039119e+00 
572 1.039112e+00 
573 1.039105e+00 
574 1.039097e+00 
575 1.039090e+00 
576 1.039083e+00 
577 1.039075e+00 
578 1.039068e+00 
579 1.039061e+00 
580 1.039054e+00 
581 1.039046e+00 
582 1.039039e+00 
583 1.039032e+00 
584 1.039025e+00 
585 1.039018e+00 
586 1.039011e+00 
587 1.039004e+00 
588 1.038996e+00 
589 1.038989e+00 
590 1.038982e+00 
591 1.038975e+00 
592 1.038968e+00 
593 1.038961e+00 
594 1.038954e+00 
595 1.038947e+00 
596 1.038940e+00 
597 1.038934e+00 
598 1.038927e+00 
599 1.038920e+00 
601 1.038913e+00 
602 1.038906e+00 
603 1.038899e+00 
604 1.038892e+00 
605 1.038886e+00 
606 1.038879e+00 
607 1.038872e+00 
608 1.038865e+00 
609 1.038859e+00 
610 1.038852e+00 
611 1.038845e+00 
612 1.038839e+00 
613 1.038832e+00 
614 1.038825e+00 
615 1.038819e+00 
616 1.038812e+00 
617 1.038805e+00 
618 1.038799e+00 
619 1.038792e+00 
620 1.038786e+00 
621 1.038779e+00 
622 1.038773e+00 
623 1.038766e+00 
624 1.038760e+00 
625 1.038753e+00 
626 1.038747e+00 
627 1.038741e+00 
628 1.038734e+00 
629 1.038728e+00 
630 1.038721e+00 
631 1.038715e+00 
632 1.038709e+00 
633 1.038702e+00 
634 1.038696e+00 
635 1.038690e+00 
636 1.038684e+00 
637 1.038677e+00 
638 1.038671e+00 
639 1.038665e+00 
640 1.038659e+00 
641 1.038653e+00 
642 1.038647e+00 
643 1.038640e+00 
644 1.038634e+00 
645 1.038628e+00 
646 1.038622e+00 
647 1.038616e+00 
648 1.038610e+00 
649 1.038604e+00 
650 1.038598e+00 
651 1.038592e+00 
652 1.038586e+00 
653 1.038580e+00 
654 1.038574e+00 
655 1.038568e+00 
656 1.038562e+00 
657 1.038556e+00 
658 1.038550e+00 
659 1.038545e+00 
660 1.038539e+00 
661 1.038533e+00 
662 1.038527e+00 
663 1.038521e+00 
664 1.038515e+00 
665 1.038510e+00 
666 1.038504e+00 
667 1.038498e+00 
668 1.038492e+00 
669 1.038487e+00 
670 1.038481e+00 
671 1.038475e+00 
672 1.038470e+00 
673 1.038464e+00 
674 1.038458e+00 
675 1.038453e+00 
676 1.038447e+00 
677 1.038442e+00 
678 1.038436e+00 
679 1.038431e+00 
680 1.038425e+00 
681 1.038420e+00 
682 1.038414e+00 
683 1.038409e+00 
684 1.038403e+00 
685 1.038398e+00 
686 1.038392e+00 
687 1.038387e+00 
688 1.038381e+00 
689 1.038376e+00 
690 1.038371e+00 
691 1.038365e+00 
692 1.038360e+00 
693 1.038355e+00 
694 1.038349e+00 
695 1.038344e+00 
696 1.038339e+00 
697 1.038334e+00 
698 1.038328e+00 
699 1.038323e+00 
701 1.038318e+00 
702 1.038313e+00 
703 1.038308e+00 
704 1.038302e+00 
705 1.038297e+00 
706 1.038292e+00 
707 1.038287e+00 
708 1.038282e+00 
709 1.038277e+00 
710 1.038272e+00 
711 1.038267e+00 
712 1.038262e+00 
713 1.038257e+00 
714 1.038252e+00 
715 1.038247e+00 
716 1.038242e+00 
717 1.038237e+00 
718 1.038232e+00 
719 1.038227e+00 
720 1.038222e+00 
721 1.038217e+00 
722 1.038212e+00 
723 1.038207e+00 
724 1.038203e+00 
725 1.038198e+00 
726 1.038193e+00 
727 1.038188e+00 
728 1.038183e+00 
729 1.038179e+00 
730 1.038174e+00 
731 1.038169e+00 
732 1.038164e+00 
733 1.038160e+00 
734 1.038155e+00 
735 1.038150e+00 
736 1.038146e+00 
737 1.038141e+00 
738 1.038136e+00 
739 1.038132e+00 
740 1.038127e+00 
741 1.038123e+00 
742 1.038118e+00 
743 1.038113e+00 
744 1.038109e+00 
745 1.038104e+00 
746 1.038100e+00 
747 1.038095e+00 
748 1.038091e+00 
749 1.038086e+00 
750 1.038082e+00 
751 1.038077e+00 
752 1.038073e+00 
753 1.038069e+00 
754 1.038064e+00 
755 1.038060e+00 
756 1.038056e+00 
757 1.038051e+00 
758 1.038047e+00 
759 1.038043e+00 
760 1.038038e+00 
761 1.038034e+00 
762 1.038030e+00 
763 1.038025e+00 
764 1.038021e+00 
765 1.038017e+00 
766 1.038013e+00 
767 1.038009e+00 
768 1.038004e+00 
769 1.038000e+00 
770 1.037996e+00 
771 1.037992e+00 
772 1.037988e+00 
773 1.037984e+00 
774 1.037980e+00 
775 1.037975e+00 
776 1.037971e+00 
777 1.037967e+00 
778 1.037963e+00 
779 1.037959e+00 
780 1.037955e+00 
781 1.037951e+00 
782 1.037947e+00 
783 1.037943e+00 
784 1.037939e+00 
785 1.037935e+00 
786 1.037931e+00 
787 1.037928e+00 
788 1.037924e+00 
789 1.037920e+00 
790 1.037916e+00 
791 1.037912e+00 
792 1.037908e+00 
793 1.037904e+00 
794 1.037901e+00 
795 1.037897e+00 
796 1.037893e+00 
797 1.037889e+00 
798 1.037886e+00 
799 1.037882e+00 
801 1.037878e+00 
802 1.037874e+00 
803 1.037871e+00 
804 1.037867e+00 
805 1.037863e+00 
806 1.037860e+00 
807 1.037856e+00 
808 1.037852e+00 
809 1.037849e+00 
810 1.037845e+00 
811 1.037842e+00 
812 1.037838e+00 
813 1.037834e+00 
814 1.037831e+00 
815 1.037827e+00 
816 1.037824e+00 
817 1.037820e+00 
818 1.037817e+00 
819 1.037813e+00 
820 1.037810e+00 
821 1.037807e+00 
822 1.037803e+00 
823 1.037800e+00 
824 1.037796e+00 
825 1.037793e+00 
826 1.037790e+00 
827 1.037786e+00 
828 1.037783e+00 
829 1.037779e+00 
830 1.037776e+00 
831 1.037773e+00 
832 1.037770e+00 
833 1.037766e+00 
834 1.037763e+00 
835 1.037760e+00 
836 1.037757e+00 
837 1.037753e+00 
838 1.037750e+00 
839 1.037747e+00 
840 1.037744e+00 
841 1.037741e+00 
842 1.037737e+00 
843 1.037734e+00 
844 1.037731e+00 
845 1.037728e+00 
846 1.037725e+00 
847 1.037722e+00 
848 1.037719e+00 
849 1.037716e+00 
850 1.037713e+00 
851 1.037710e+00 
852 1.037707e+00 
853 1.037704e+00 
854 1.037701e+00 
855 1.037698e+00 
856 1.037695e+00 
857 1.037692e+00 
858 1.037689e+00 
859 1.037686e+00 
860 1.037683e+00 
861 1.037680e+00 
862 1.037677e+00 
863 1.037674e+00 
864 1.037671e+00 
865 1.037668e+00 
866 1.037666e+00 
867 1.037663e+00 
868 1.037660e+00 
869 1.037657e+00 
870 1.037654e+00 
871 1.037652e+00 
872 1.037649e+00 
873 1.037646e+00 
874 1.037643e+00 
875 1.037641e+00 
876 1.037638e+00 
877 1.037635e+00 
878 1.037633e+00 
879 1.037630e+00 
880 1.037627e+00 
881 1.037625e+00 
882 1.037622e+00 
883 1.037619e+00 
884 1.037617e+00 
885 1.037614e+00 
886 1.037612e+00 
887 1.037609e+00 
888 1.037606e+00 
889 1.037604e+00 
890 1.037601e+00 
891 1.037599e+00 
892 1.037596e+00 
893 1.037594e+00 
894 1.037591e+00 
895 1.037589e+00 
896 1.037586e+00 
897 1.037584e+00 
898 1.037582e+00 
899 1.037579e+00 
901 1.037577e+00 
902 1.037574e+00 
903 1.037572e+00 
904 1.037570e+00 
905 1.037567e+00 
906 1.037565e+00 
907 1.037563e+00 
908 1.037560e+00 
909 1.037558e+00 
910 1.037556e+00 
911 1.037553e+00 
912 1.037551e+00 
913 1.037549e+00 
914 1.037547e+00 
915 1.037544e+00 
916 1.037542e+00 
917 1.037540e+00 
918 1.037538e+00 
919 1.037536e+00 
920 1.037533e+00 
921 1.037531e+00 
922 1.037529e+00 
923 1.037527e+00 
924 1.037525e+00 
925 1.037523e+00 
926 1.037521e+00 
927 1.037518e+00 
928 1.037516e+00 
929 1.037514e+00 
930 1.037512e+00 
931 1.037510e+00 
932 1.037508e+00 
933 1.037506e+00 
934 1.037504e+00 
935 1.037502e+00 
936 1.037500e+00 
937 1.037498e+00 
938 1.037496e+00 
939 1.037494e+00 
940 1.037492e+00 
941 1.037491e+00 
942 1.037489e+00 
943 1.037487e+00 
944 1.037485e+00 
945 1.037483e+00 
946 1.037481e+00 
947 1.037479e+00 
948 1.037477e+00 
949 1.037476e+00 
950 1.037474e+00 
951 1.037472e+00 
952 1.037470e+00 
953 1.037468e+00 
954 1.037467e+00 
955 1.037465e+00 
956 1.037463e+00 
957 1.037461e+00 
958 1.037460e+00 
959 1.037458e+00 
960 1.037456e+00 
961 1.037454e+00 
962 1.037453e+00 
963 1.037451e+00 
964 1.037449e+00 
965 1.037448e+00 
966 1.037446e+00 
967 1.037445e+00 
968 1.037443e+00 
969 1.037441e+00 
970 1.037440e+00 
971 1.037438e+00 
972 1.037437e+00 
973 1.037435e+00 
974 1.037433e+00 
975 1.037432e+00 
976 1.037430e+00 
977 1.037429e+00 
978 1.037427e+00 
979 1.037426e+00 
980 1.037424e+00 
981 1.037423e+00 
982 1.037421e+00 
983 1.037420e+00 
984 1.037419e+00 
985 1.037417e+00 
986 1.037416e+00 
987 1.037414e+00 
988 1.037413e+00 
989 1.037412e+00 
990 1.037410e+00 
991 1.037409e+00 
992 1.037407e+00 
993 1.037406e+00 
994 1.037405e+00 
995 1.037403e+00 
996 1.037402e+00 
997 1.037401e+00 
998 1.037400e+00 
999 1.037398e+00 
1000 1.037397e+00 
1001 1.037395e+00 
1002 1.037394e+00 
1003 1.037393e+00 
1004 1.037392e+00 
1005 1.037391e+00 
1006 1.037389e+00 
1007 1.037388e+00 
1008 1.037387e+00 
1009 1.037386e+00 
1010 1.037385e+00 
1011 1.037384e+00 
1012 1.037382e+00 
1013 1.037381e+00 
1014 1.037380e+00 
1015 1.037379e+00 
1016 1.037378e+00 
1017 1.037377e+00 
1018 1.037376e+00 
1019 1.037375e+00 
1020 1.037374e+00 
1021 1.037373e+00 
1022 1.037372e+00 
1023 1.037371e+00 
1024 1.037369e+00 
1025 1.037368e+00 
1026 1.037367e+00 
1027 1.037366e+00 
1028 1.037365e+00 
1029 1.037365e+00 
1030 1.037364e+00 
1031 1.037363e+00 
1032 1.037362e+00 
1033 1.037361e+00 
1034 1.037360e+00 
1035 1.037359e+00 
1036 1.037358e+00 
1037 1.037357e+00 
1038 1.037356e+00 
1039 1.037355e+00 
1040 1.037354e+00 
1041 1.037354e+00 
1042 1.037353e+00 
1043 1.037352e+00 
1044 1.037351e+00 
1045 1.037350e+00 
1046 1.037350e+00 
1047 1.037349e+00 
1048 1.037348e+00 
1050 1.037347e+00 
1051 1.037346e+00 
1052 1.037346e+00 
1053 1.037345e+00 
1054 1.037344e+00 
1055 1.037343e+00 
1056 1.037343e+00 
1057 1.037342e+00 
1058 1.037341e+00 
1059 1.037341e+00 
1060 1.037340e+00 
1061 1.037339e+00 
1062 1.037339e+00 
1063 1.037338e+00 
1064 1.037337e+00 
1065 1.037337e+00 
1066 1.037336e+00 
1067 1.037335e+00 
1068 1.037335e+00 
1069 1.037334e+00 
1070 1.037334e+00 
1071 1.037333e+00 
1072 1.037332e+00 
1073 1.037332e+00 
1074 1.037331e+00 
1075 1.037331e+00 
1076 1.037330e+00 
1077 1.037330e+00 
1078 1.037329e+00 
1079 1.037329e+00 
1080 1.037328e+00 
1081 1.037328e+00 
1082 1.037327e+00 
1083 1.037327e+00 
1084 1.037326e+00 
1085 1.037326e+00 
1086 1.037325e+00 
1087 1.037325e+00 
1088 1.037324e+00 
1089 1.037324e+00 
1090 1.037324e+00 
1091 1.037323e+00 
1092 1.037323e+00 
1093 1.037322e+00 
1094 1.037322e+00 
1095 1.037322e+00 
1096 1.037321e+00 
1097 1.037321e+00 
1098 1.037321e+00 
1099 1.037321e+00 
1100 1.037320e+00 
1101 1.037320e+00 
1102 1.037320e+00 
1103 1.037319e+00 
1104 1.037319e+00 
1105 1.037319e+00 
1106 1.037319e+00 
1107 1.037318e+00 
1108 1.037318e+00 
1109 1.037318e+00 
1110 1.037317e+00 
1111 1.037317e+00 
1112 1.037317e+00 
1113 1.037317e+00 
1114 1.037317e+00 
1115 1.037316e+00 
1116 1.037316e+00 
1117 1.037316e+00 
1118 1.037316e+00 
1119 1.037316e+00 
1120 1.037315e+00 
1121 1.037315e+00 
1122 1.037315e+00 
1123 1.037315e+00 
1124 1.037315e+00 
1125 1.037315e+00 
1126 1.037315e+00 
1127 1.037315e+00 
1128 1.037314e+00 
1129 1.037314e+00 
1130 1.037314e+00 
1131 1.037314e+00 
1132 1.037314e+00 
1133 1.037314e+00 
1134 1.037314e+00 
1135 1.037314e+00 
1136 1.037314e+00 
1137 1.037314e+00 
1138 1.037314e+00 
1139 1.037314e+00 
1140 1.037314e+00 
1141 1.037314e+00 
1142 1.037314e+00 
1143 1.037314e+00 
1144 1.037314e+00 
1145 1.037314e+00 
1146 1.037314e+00 
1147 1.037314e+00 
1149 1.037314e+00 
1150 1.037314e+00 
1151 1.037314e+00 
1152 1.037314e+00 
1153 1.037314e+00 
1154 1.037314e+00 
1155 1.037314e+00 
1156 1.037315e+00 
1157 1.037315e+00 
1158 1.037315e+00 
1159 1.037315e+00 
1160 1.037315e+00 
1161 1.037315e+00 
1162 1.037315e+00 
1163 1.037315e+00 
1164 1.037316e+00 
1165 1.037316e+00 
1166 1.037316e+00 
1167 1.037316e+00 
1168 1.037316e+00 
1169 1.037317e+00 
1170 1.037317e+00 
1171 1.037317e+00 
1172 1.037317e+00 
1173 1.037317e+00 
1174 1.037318e+00 
1175 1.037318e+00 
1176 1.037318e+00 
1177 1.037318e+00 
1178 1.037319e+00 
1179 1.037319e+00 
1180 1.037319e+00 
1181 1.037319e+00 
1182 1.037320e+00 
1183 1.037320e+00 
1184 1.037320e+00 
1185 1.037321e+00 
1186 1.037321e+00 
1187 1.037321e+00 
1188 1.037322e+00 
1189 1.037322e+00 
1190 1.037322e+00 
1191 1.037323e+00 
1192 1.037323e+00 
1193 1.037323e+00 
1194 1.037324e+00 
1195 1.037324e+00 
1196 1.037324e+00 
1197 1.037325e+00 
1199 1.037325e+00 
1200 1.037326e+00 
1201 1.037326e+00 
1202 1.037326e+00 
1203 1.037327e+00 
1204 1.037327e+00 
1205 1.037328e+00 
1206 1.037328e+00 
1207 1.037329e+00 
1208 1.037329e+00 
1209 1.037329e+00 
1210 1.037330e+00 
1211 1.037330e+00 
1212 1.037331e+00 
1213 1.037331e+00 
1214 1.037332e+00 
1215 1.037332e+00 
1216 1.037333e+00 
1217 1.037333e+00 
1218 1.037334e+00 
1219 1.037334e+00 
1220 1.037335e+00 
1221 1.037335e+00 
1222 1.037336e+00 
1223 1.037336e+00 
1224 1.037337e+00 
1225 1.037338e+00 
1226 1.037338e+00 
1227 1.037339e+00 
1228 1.037339e+00 
1229 1.037340e+00 
1230 1.037340e+00 
1231 1.037341e+00 
1232 1.037342e+00 
1233 1.037342e+00 
1234 1.037343e+00 
1235 1.037343e+00 
1236 1.037344e+00 
1237 1.037345e+00 
1238 1.037345e+00 
1239 1.037346e+00 
1240 1.037346e+00 
1241 1.037347e+00 
1242 1.037348e+00 
1243 1.037348e+00 
1244 1.037349e+00 
1245 1.037350e+00 
1246 1.037350e+00 
1247 1.037351e+00 
1249 1.037314e+00 
1250 1.037314e+00 
1251 1.037312e+00 
1252 1.037310e+00 
1253 1.037309e+00 
1254 1.037307e+00 
1255 1.037305e+00 
1256 1.037303e+00 
1257 1.037302e+00 
1258 1.037300e+00 
1259 1.037298e+00 
1260 1.037297e+00 
1261 1.037295e+00 
1262 1.037293e+00 
1263 1.037292e+00 
1264 1.037290e+00 
1265 1.037289e+00 
1266 1.037287e+00 
1267 1.037286e+00 
1268 1.037285e+00 
1269 1.037283e+00 
1271 1.037282e+00 
1272 1.037280e+00 
1273 1.037279e+00 
1274 1.037278e+00 
1275 1.037276e+00 
1276 1.037275e+00 
1277 1.037274e+00 
1278 1.037273e+00 
1279 1.037271e+00 
1280 1.037270e+00 
1281 1.037269e+00 
1282 1.037268e+00 
1283 1.037267e+00 
1284 1.037265e+00 
1285 1.037264e+00 
1286 1.037263e+00 
1287 1.037262e+00 
1288 1.037261e+00 
1289 1.037260e+00 
1291 1.037259e+00 
1292 1.037258e+00 
1293 1.037257e+00 
1294 1.037256e+00 
1295 1.037255e+00 
1296 1.037254e+00 
1297 1.037253e+00 
1298 1.037252e+00 
1299 1.037251e+00 
1300 1.037250e+00 
1301 1.037250e+00 
1302 1.037249e+00 
1303 1.037248e+00 
1304 1.037247e+00 
1305 1.037246e+00 
1306 1.037245e+00 
1307 1.037244e+00 
1308 1.037244e+00 
1309 1.037243e+00 
1311 1.037242e+00 
1312 1.037241e+00 
1313 1.037241e+00 
1314 1.037240e+00 
1315 1.037239e+00 
1316 1.037238e+00 
1317 1.037238e+00 
1318 1.037237e+00 
1319 1.037236e+00 
1320 1.037236e+00 
1321 1.037235e+00 
1322 1.037234e+00 
1323 1.037234e+00 
1324 1.037233e+00 
1325 1.037233e+00 
1326 1.037232e+00 
1327 1.037231e+00 
1328 1.037231e+00 
1329 1.037230e+00 
1331 1.037230e+00 
1332 1.037229e+00 
1333 1.037229e+00 
1334 1.037228e+00 
1335 1.037228e+00 
1336 1.037227e+00 
1337 1.037226e+00 
1338 1.037226e+00 
1339 1.037225e+00 
1340 1.037225e+00 
1341 1.037225e+00 
1342 1.037224e+00 
1343 1.037224e+00 
1344 1.037223e+00 
1345 1.037223e+00 
1346 1.037222e+00 
1347 1.037222e+00 
1348 1.037221e+00 
1349 1.037221e+00 
1350 1.037221e+00 
1351 1.037221e+00 
1352 1.037221e+00 
1353 1.037221e+00 
1354 1.037221e+00 
1355 1.037221e+00 
1356 1.037221e+00 
1357 1.037221e+00 
1358 1.037220e+00 
1360 1.037220e+00 
1361 1.037220e+00 
1362 1.037220e+00 
1363 1.037220e+00 
1364 1.037220e+00 
1365 1.037220e+00 
1366 1.037220e+00 
1367 1.037220e+00 
1368 1.037220e+00 
1370 1.037220e+00 
1371 1.037220e+00 
1372 1.037220e+00 
1373 1.037220e+00 
1374 1.037220e+00 
1375 1.037220e+00 
1376 1.037220e+00 
1377 1.037219e+00 
1378 1.037219e+00 
1380 1.037219e+00 
1381 1.037219e+00 
1382 1.037219e+00 
1383 1.037219e+00 
1384 1.037219e+00 
1385 1.037219e+00 
1386 1.037219e+00 
1387 1.037219e+00 
1388 1.037219e+00 
1390 1.037219e+00 
1391 1.037219e+00 
1392 1.037219e+00 
1393 1.037219e+00 
1394 1.037219e+00 
1395 1.037219e+00 
1396 1.037218e+00 
1397 1.037218e+00 
1398 1.037218e+00 
1400 1.037218e+00 
1401 1.037218e+00 
1402 1.037218e+00 
1403 1.037218e+00 
1404 1.037218e+00 
1405 1.037218e+00 
1406 1.037218e+00 
1407 1.037218e+00 
1408 1.037218e+00 
1410 1.037218e+00 
1411 1.037218e+00 
1412 1.037218e+00 
1413 1.037218e+00 
1414 1.037218e+00 
1415 1.037218e+00 
1416 1.037217e+00 
1417 1.037217e+00 
1418 1.037217e+00 
1420 1.037217e+00 
1421 1.037217e+00 
1422 1.037217e+00 
1423 1.037217e+00 
1424 1.037217e+00 
1425 1.037217e+00 
1426 1.037217e+00 
1427 1.037217e+00 
1428 1.037217e+00 
1430 1.037217e+00 
1431 1.037217e+00 
1432 1.037217e+00 
1433 1.037217e+00 
1434 1.037217e+00 
1435 1.037217e+00 
1436 1.037217e+00 
1437 1.037216e+00 
1438 1.037216e+00 
1440 1.037216e+00 
1441 1.037216e+00 
1442 1.037216e+00 
1443 1.037216e+00 
1444 1.037216e+00 
1445 1.037216e+00 
1446 1.037216e+00 
1447 1.037216e+00 
1448 1.037216e+00 
1449 1.037230e+00 
1450 1.037243e+00 
1451 1.037254e+00 
1452 1.037263e+00 
1453 1.037271e+00 
1454 1.037278e+00 
1455 1.037283e+00 
1456 1.037289e+00 
1457 1.037293e+00 
1458 1.037297e+00 
1459 1.037300e+00 
1460 1.037303e+00 
1461 1.037305e+00 
1462 1.037307e+00 
1463 1.037309e+00 
1464 1.037310e+00 
1465 1.037312e+00 
1466 1.037313e+00 
1467 1.037314e+00 
1468 1.037315e+00 
1469 1.037315e+00 
1470 1.037316e+00 
1471 1.037317e+00 
1472 1.037317e+00 
1473 1.037318e+00 
1474 1.037318e+00 
1475 1.037318e+00 
1476 1.037319e+00 
1477 1.037319e+00 
1479 1.037320e+00 
1480 1.037320e+00 
1481 1.037320e+00 
1482 1.037320e+00 
1483 1.037321e+00 
1484 1.037321e+00 
1485 1.037321e+00 
1486 1.037322e+00 
1487 1.037322e+00 
1488 1.037322e+00 
1489 1.037323e+00 
1490 1.037323e+00 
1491 1.037323e+00 
1492 1.037323e+00 
1493 1.037324e+00 
1494 1.037324e+00 
1495 1.037324e+00 
1496 1.037325e+00 
1497 1.037325e+00 
1498 1.037326e+00 
1499 1.037326e+00 
1500 1.037326e+00 
1501 1.037327e+00 
1502 1.037327e+00 
1503 1.037328e+00 
1504 1.037328e+00 
1505 1.037328e+00 
1506 1.037329e+00 
1507 1.037329e+00 
1509 1.037330e+00 
1510 1.037330e+00 
1511 1.037331e+00 
1512 1.037331e+00 
1513 1.037332e+00 
1514 1.037332e+00 
1515 1.037333e+00 
1516 1.037333e+00 
1517 1.037334e+00 
1518 1.037334e+00 
1519 1.037335e+00 
1520 1.037335e+00 
1521 1.037336e+00 
1522 1.037337e+00 
1523 1.037337e+00 
1524 1.037338e+00 
1525 1.037338e+00 
1526 1.037339e+00 
1527 1.037339e+00 
1528 1.037340e+00 
1529 1.037341e+00 
1530 1.037341e+00 
1531 1.037342e+00 
1532 1.037343e+00 
1533 1.037343e+00 
1534 1.037344e+00 
1535 1.037345e+00 
1536 1.037345e+00 
1537 1.037346e+00 
1539 1.037319e+00 
1540 1.037319e+00 
1541 1.037319e+00 
1542 1.037319e+00 
1543 1.037319e+00 
1544 1.037319e+00 
1545 1.037319e+00 
1546 1.037319e+00 
1547 1.037319e+00 
1548 1.037319e+00 
1549 1.037319e+00 
1550 1.037319e+00 
1551 1.037319e+00 
1552 1.037319e+00 
1553 1.037319e+00 
1554 1.037319e+00 
1555 1.037319e+00 
1556 1.037319e+00 
1557 1.037319e+00 
1558 1.037319e+00 
1560 1.037319e+00 
1561 1.037319e+00 
1562 1.037319e+00 
1563 1.037319e+00 
1564 1.037319e+00 
1565 1.037318e+00 
1566 1.037318e+00 
1567 1.037318e+00 
1568 1.037318e+00 
1569 1.037318e+00 
1570 1.037318e+00 
1571 1.037318e+00 
1572 1.037318e+00 
1573 1.037318e+00 
1574 1.037318e+00 
1575 1.037318e+00 
1576 1.037318e+00 
1577 1.037318e+00 
1578 1.037318e+00 
1580 1.037318e+00 
1581 1.037318e+00 
1582 1.037318e+00 
1583 1.037318e+00 
1584 1.037318e+00 
1585 1.037318e+00 
1586 1.037318e+00 
1587 1.037318e+00 
1588 1.037318e+00 
1589 1.037318e+00 
1590 1.037318e+00 
1591 1.037318e+00 
1592 1.037318e+00 
1593 1.037318e+00 
1594 1.037318e+00 
1595 1.037318e+00 
1596 1.037318e+00 
1597 1.037318e+00 
1598 1.037318e+00 
1600 1.037318e+00 
1601 1.037318e+00 
1602 1.037318e+00 
1603 1.037318e+00 
1604 1.037318e+00 
1605 1.037318e+00 
1606 1.037318e+00 
1607 1.037318e+00 
1608 1.037318e+00 
1609 1.037318e+00 
1610 1.037318e+00 
1611 1.037318e+00 
1612 1.037318e+00 
1613 1.037318e+00 
1614 1.037318e+00 
1615 1.037317e+00 
1616 1.037317e+00 
1617 1.037317e+00 
1618 1.037317e+00 
1620 1.037317e+00 
1621 1.037317e+00 
1622 1.037317e+00 
1623 1.037317e+00 
1624 1.037317e+00 
1625 1.037317e+00 
1626 1.037317e+00 
1627 1.037317e+00 
1628 1.037317e+00 
1629 1.037317e+00 
1630 1.037317e+00 
1631 1.037317e+00 
1632 1.037317e+00 
1633 1.037317e+00 
1634 1.037317e+00 
1635 1.037317e+00 
1636 1.037317e+00 
1637 1.037317e+00 
1638 1.037317e+00 
