0 0 
1 8.796774e-03 
2 6.849561e-03 
3 5.276798e-03 
4 4.015717e-03 
5 3.011418e-03 
6 2.216653e-03 
7 1.591305e-03 
8 1.101685e-03 
9 7.197608e-04 
10 4.224022e-04 
11 1.906684e-04 
12 9.166544e-06 
13 1.345149e-04 
14 2.502998e-04 
15 3.460491e-04 
16 4.279216e-04 
17 5.006812e-04 
18 5.679543e-04 
19 6.324460e-04 
20 6.961204e-04 
21 7.603504e-04 
22 8.260419e-04 
23 8.937355e-04 
24 9.636906e-04 
25 1.035953e-03 
26 1.110413e-03 
27 1.186844e-03 
28 1.264945e-03 
29 1.344365e-03 
30 1.424726e-03 
31 1.505641e-03 
32 1.586725e-03 
33 1.667608e-03 
34 1.747936e-03 
35 1.827385e-03 
36 1.905654e-03 
37 1.982474e-03 
38 2.057608e-03 
39 2.130845e-03 
40 2.202006e-03 
41 2.270939e-03 
42 2.337521e-03 
43 2.401650e-03 
44 2.463250e-03 
45 2.522265e-03 
46 2.578658e-03 
47 2.632409e-03 
48 2.683515e-03 
49 2.731985e-03 
50 2.777841e-03 
51 2.821114e-03 
52 2.861846e-03 
53 2.900085e-03 
54 2.935886e-03 
55 2.969310e-03 
56 3.000421e-03 
57 3.029288e-03 
58 3.055981e-03 
59 3.080573e-03 
60 3.103137e-03 
61 3.123749e-03 
62 3.142483e-03 
63 3.159414e-03 
64 3.174615e-03 
65 3.188160e-03 
66 3.200120e-03 
67 3.210566e-03 
68 3.219567e-03 
69 3.227189e-03 
70 3.233499e-03 
71 3.238559e-03 
72 3.242432e-03 
73 3.245175e-03 
74 3.246847e-03 
75 3.247503e-03 
76 3.247195e-03 
77 3.245976e-03 
78 3.243893e-03 
79 3.240993e-03 
80 3.237323e-03 
81 3.232923e-03 
82 3.227837e-03 
83 3.222103e-03 
84 3.215758e-03 
85 3.208839e-03 
86 3.201379e-03 
87 3.193412e-03 
88 3.184967e-03 
89 3.176075e-03 
90 3.166763e-03 
91 3.157059e-03 
92 3.146987e-03 
93 3.136571e-03 
94 3.125835e-03 
95 3.114801e-03 
96 3.103488e-03 
97 3.091916e-03 
98 3.080104e-03 
99 3.068070e-03 
101 3.055830e-03 
102 3.043400e-03 
103 3.030795e-03 
104 3.018029e-03 
105 3.005116e-03 
106 2.992068e-03 
107 2.978898e-03 
108 2.965616e-03 
109 2.952234e-03 
110 2.938762e-03 
111 2.925210e-03 
112 2.911586e-03 
113 2.897900e-03 
114 2.884159e-03 
115 2.870371e-03 
116 2.856544e-03 
117 2.842685e-03 
118 2.828799e-03 
119 2.814893e-03 
120 2.800974e-03 
121 2.787046e-03 
122 2.773114e-03 
123 2.759184e-03 
124 2.745260e-03 
125 2.731347e-03 
126 2.717448e-03 
127 2.703567e-03 
128 2.689709e-03 
129 2.675875e-03 
130 2.662071e-03 
131 2.648298e-03 
132 2.634560e-03 
133 2.620858e-03 
134 2.607197e-03 
135 2.593577e-03 
136 2.580002e-03 
137 2.566473e-03 
138 2.552993e-03 
139 2.539562e-03 
140 2.526183e-03 
141 2.512858e-03 
142 2.499587e-03 
143 2.486373e-03 
144 2.473216e-03 
145 2.460118e-03 
146 2.447080e-03 
147 2.434102e-03 
148 2.421186e-03 
149 2.408333e-03 
150 2.395543e-03 
151 2.382818e-03 
152 2.370157e-03 
153 2.357562e-03 
154 2.345033e-03 
155 2.332571e-03 
156 2.320175e-03 
157 2.307847e-03 
158 2.295587e-03 
159 2.283396e-03 
160 2.271272e-03 
161 2.259218e-03 
162 2.247232e-03 
163 2.235315e-03 
164 2.223468e-03 
165 2.211690e-03 
166 2.199982e-03 
167 2.188343e-03 
168 2.176774e-03 
169 2.165275e-03 
170 2.153845e-03 
171 2.142485e-03 
172 2.131195e-03 
173 2.119974e-03 
174 2.108822e-03 
175 2.097740e-03 
176 2.086727e-03 
177 2.075783e-03 
178 2.064908e-03 
179 2.054101e-03 
180 2.043364e-03 
181 2.032694e-03 
182 2.022093e-03 
183 2.011560e-03 
184 2.001095e-03 
185 1.990697e-03 
186 1.980366e-03 
187 1.970103e-03 
188 1.959906e-03 
189 1.949776e-03 
190 1.939713e-03 
191 1.929715e-03 
192 1.919783e-03 
193 1.909917e-03 
194 1.900115e-03 
195 1.890379e-03 
196 1.880707e-03 
197 1.871099e-03 
198 1.861555e-03 
199 1.852075e-03 
201 1.842659e-03 
202 1.833305e-03 
203 1.824014e-03 
204 1.814785e-03 
205 1.805618e-03 
206 1.796513e-03 
207 1.787470e-03 
208 1.778487e-03 
209 1.769565e-03 
210 1.760704e-03 
211 1.751902e-03 
212 1.743161e-03 
213 1.734478e-03 
214 1.725855e-03 
215 1.717290e-03 
216 1.708783e-03 
217 1.700335e-03 
218 1.691944e-03 
219 1.683611e-03 
220 1.675334e-03 
221 1.667114e-03 
222 1.658950e-03 
223 1.650842e-03 
224 1.642790e-03 
225 1.634793e-03 
226 1.626851e-03 
227 1.618964e-03 
228 1.611130e-03 
229 1.603351e-03 
230 1.595625e-03 
231 1.587952e-03 
232 1.580332e-03 
233 1.572765e-03 
234 1.565249e-03 
235 1.557786e-03 
236 1.550374e-03 
237 1.543013e-03 
238 1.535703e-03 
239 1.528443e-03 
240 1.521234e-03 
241 1.514074e-03 
242 1.506964e-03 
243 1.499903e-03 
244 1.492891e-03 
245 1.485928e-03 
246 1.479012e-03 
247 1.472145e-03 
248 1.465325e-03 
249 1.458552e-03 
250 1.451826e-03 
251 1.445147e-03 
252 1.438514e-03 
253 1.431926e-03 
254 1.425385e-03 
255 1.418889e-03 
256 1.412437e-03 
257 1.406031e-03 
258 1.399668e-03 
259 1.393350e-03 
260 1.387076e-03 
261 1.380845e-03 
262 1.374657e-03 
263 1.368512e-03 
264 1.362409e-03 
265 1.356349e-03 
266 1.350330e-03 
267 1.344353e-03 
268 1.338418e-03 
269 1.332524e-03 
270 1.326670e-03 
271 1.320857e-03 
272 1.315084e-03 
273 1.309350e-03 
274 1.303657e-03 
275 1.298002e-03 
276 1.292387e-03 
277 1.286810e-03 
278 1.281272e-03 
279 1.275772e-03 
280 1.270310e-03 
281 1.264886e-03 
282 1.259498e-03 
283 1.254148e-03 
284 1.248835e-03 
285 1.243558e-03 
286 1.238318e-03 
287 1.233113e-03 
288 1.227944e-03 
289 1.222811e-03 
290 1.217712e-03 
291 1.212649e-03 
292 1.207620e-03 
293 1.202626e-03 
294 1.197666e-03 
295 1.192739e-03 
296 1.187847e-03 
297 1.182987e-03 
298 1.178161e-03 
299 1.173368e-03 
301 1.168607e-03 
302 1.163878e-03 
303 1.159182e-03 
304 1.154518e-03 
305 1.149885e-03 
306 1.145283e-03 
307 1.140713e-03 
308 1.136174e-03 
309 1.131665e-03 
310 1.127187e-03 
311 1.122739e-03 
312 1.118320e-03 
313 1.113932e-03 
314 1.109573e-03 
315 1.105243e-03 
316 1.100943e-03 
317 1.096671e-03 
318 1.092428e-03 
319 1.088213e-03 
320 1.084026e-03 
321 1.079867e-03 
322 1.075736e-03 
323 1.071632e-03 
324 1.067556e-03 
325 1.063506e-03 
326 1.059484e-03 
327 1.055488e-03 
328 1.051518e-03 
329 1.047575e-03 
330 1.043657e-03 
331 1.039766e-03 
332 1.035900e-03 
333 1.032059e-03 
334 1.028243e-03 
335 1.024453e-03 
336 1.020687e-03 
337 1.016945e-03 
338 1.013228e-03 
339 1.009535e-03 
340 1.005867e-03 
341 1.002221e-03 
342 9.985997e-04 
343 9.950015e-04 
344 9.914264e-04 
345 9.878744e-04 
346 9.843451e-04 
347 9.808384e-04 
348 9.773542e-04 
349 9.738921e-04 
350 9.704522e-04 
351 9.670341e-04 
352 9.636377e-04 
353 9.602628e-04 
354 9.569093e-04 
355 9.535769e-04 
356 9.502654e-04 
357 9.469748e-04 
358 9.437048e-04 
359 9.404552e-04 
360 9.372259e-04 
361 9.340168e-04 
362 9.308276e-04 
363 9.276581e-04 
364 9.245082e-04 
365 9.213778e-04 
366 9.182667e-04 
367 9.151746e-04 
368 9.121016e-04 
369 9.090472e-04 
370 9.060116e-04 
371 9.029943e-04 
372 8.999954e-04 
373 8.970147e-04 
374 8.940519e-04 
375 8.911070e-04 
376 8.881797e-04 
377 8.852700e-04 
378 8.823777e-04 
379 8.795026e-04 
380 8.766446e-04 
381 8.738035e-04 
382 8.709792e-04 
383 8.681715e-04 
384 8.653803e-04 
385 8.626055e-04 
386 8.598469e-04 
387 8.571043e-04 
388 8.543777e-04 
389 8.516668e-04 
390 8.489716e-04 
391 8.462920e-04 
392 8.436276e-04 
393 8.409785e-04 
394 8.383446e-04 
395 8.357255e-04 
396 8.331214e-04 
397 8.305319e-04 
398 8.279570e-04 
399 8.253965e-04 
401 8.228503e-04 
402 8.203183e-04 
403 8.178004e-04 
404 8.152964e-04 
405 8.128063e-04 
406 8.103298e-04 
407 8.078668e-04 
408 8.054173e-04 
409 8.029811e-04 
410 8.005581e-04 
411 7.981482e-04 
412 7.957513e-04 
413 7.933672e-04 
414 7.909958e-04 
415 7.886370e-04 
416 7.862907e-04 
417 7.839568e-04 
418 7.816352e-04 
419 7.793257e-04 
420 7.770283e-04 
421 7.747428e-04 
422 7.724691e-04 
423 7.702071e-04 
424 7.679568e-04 
425 7.657179e-04 
426 7.634905e-04 
427 7.612743e-04 
428 7.590693e-04 
429 7.568754e-04 
430 7.546925e-04 
431 7.525205e-04 
432 7.503592e-04 
433 7.482086e-04 
434 7.460686e-04 
435 7.439391e-04 
436 7.418200e-04 
437 7.397111e-04 
438 7.376125e-04 
439 7.355239e-04 
440 7.334453e-04 
441 7.313767e-04 
442 7.293178e-04 
443 7.272687e-04 
444 7.252292e-04 
445 7.231992e-04 
446 7.211787e-04 
447 7.191676e-04 
448 7.171657e-04 
449 7.151730e-04 
450 7.131894e-04 
451 7.112148e-04 
452 7.092491e-04 
453 7.072923e-04 
454 7.053443e-04 
455 7.034049e-04 
456 7.014741e-04 
457 6.995518e-04 
458 6.976379e-04 
459 6.957324e-04 
460 6.938352e-04 
461 6.919461e-04 
462 6.900652e-04 
463 6.881923e-04 
464 6.863273e-04 
465 6.844703e-04 
466 6.826210e-04 
467 6.807795e-04 
468 6.789456e-04 
469 6.771193e-04 
470 6.753005e-04 
471 6.734891e-04 
472 6.716852e-04 
473 6.698885e-04 
474 6.680990e-04 
475 6.663167e-04 
476 6.645415e-04 
477 6.627733e-04 
478 6.610120e-04 
479 6.592576e-04 
480 6.575101e-04 
481 6.557692e-04 
482 6.540351e-04 
483 6.523076e-04 
484 6.505866e-04 
485 6.488722e-04 
486 6.471641e-04 
487 6.454625e-04 
488 6.437671e-04 
489 6.420780e-04 
490 6.403950e-04 
491 6.387182e-04 
492 6.370474e-04 
493 6.353827e-04 
494 6.337238e-04 
495 6.320709e-04 
496 6.304238e-04 
497 6.287825e-04 
498 6.271468e-04 
499 6.255169e-04 
501 6.238925e-04 
502 6.222737e-04 
503 6.206604e-04 
504 6.190525e-04 
505 6.174501e-04 
506 6.158529e-04 
507 6.142610e-04 
508 6.126744e-04 
509 6.110930e-04 
510 6.095166e-04 
511 6.079454e-04 
512 6.063792e-04 
513 6.048180e-04 
514 6.032617e-04 
515 6.017102e-04 
516 6.001637e-04 
517 5.986219e-04 
518 5.970848e-04 
519 5.955525e-04 
520 5.940248e-04 
521 5.925017e-04 
522 5.909831e-04 
523 5.894691e-04 
524 5.879596e-04 
525 5.864544e-04 
526 5.849537e-04 
527 5.834573e-04 
528 5.819652e-04 
529 5.804774e-04 
530 5.789937e-04 
531 5.775143e-04 
532 5.760390e-04 
533 5.745677e-04 
534 5.731006e-04 
535 5.716374e-04 
536 5.701782e-04 
537 5.687230e-04 
538 5.672717e-04 
539 5.658242e-04 
540 5.643805e-04 
541 5.629406e-04 
542 5.615045e-04 
543 5.600721e-04 
544 5.586434e-04 
545 5.572183e-04 
546 5.557969e-04 
547 5.543790e-04 
548 5.529646e-04 
549 5.515538e-04 
550 5.501464e-04 
551 5.487424e-04 
552 5.473419e-04 
553 5.459448e-04 
554 5.445509e-04 
555 5.431604e-04 
556 5.417732e-04 
557 5.403892e-04 
558 5.390085e-04 
559 5.376309e-04 
560 5.362565e-04 
561 5.348852e-04 
562 5.335170e-04 
563 5.321518e-04 
564 5.307897e-04 
565 5.294307e-04 
566 5.280746e-04 
567 5.267214e-04 
568 5.253712e-04 
569 5.240239e-04 
570 5.226795e-04 
571 5.213379e-04 
572 5.199991e-04 
573 5.186632e-04 
574 5.173300e-04 
575 5.159995e-04 
576 5.146718e-04 
577 5.133467e-04 
578 5.120244e-04 
579 5.107046e-04 
580 5.093875e-04 
581 5.080730e-04 
582 5.067611e-04 
583 5.054517e-04 
584 5.041449e-04 
585 5.028406e-04 
586 5.015387e-04 
587 5.002393e-04 
588 4.989424e-04 
589 4.976479e-04 
590 4.963557e-04 
591 4.950660e-04 
592 4.937786e-04 
593 4.924936e-04 
594 4.912108e-04 
595 4.899304e-04 
596 4.886522e-04 
597 4.873763e-04 
598 4.861027e-04 
599 4.848312e-04 
601 4.835620e-04 
602 4.822950e-04 
603 4.810301e-04 
604 4.797673e-04 
605 4.785067e-04 
606 4.772482e-04 
607 4.759918e-04 
608 4.747375e-04 
609 4.734852e-04 
610 4.722350e-04 
611 4.709868e-04 
612 4.697406e-04 
613 4.684964e-04 
614 4.672542e-04 
615 4.660140e-04 
616 4.647757e-04 
617 4.635394e-04 
618 4.623049e-04 
619 4.610724e-04 
620 4.598418e-04 
621 4.586130e-04 
622 4.573861e-04 
623 4.561610e-04 
624 4.549378e-04 
625 4.537164e-04 
626 4.524968e-04 
627 4.512790e-04 
628 4.500630e-04 
629 4.488487e-04 
630 4.476362e-04 
631 4.464255e-04 
632 4.452165e-04 
633 4.440092e-04 
634 4.428036e-04 
635 4.415997e-04 
636 4.403975e-04 
637 4.391969e-04 
638 4.379980e-04 
639 4.368008e-04 
640 4.356052e-04 
641 4.344112e-04 
642 4.332189e-04 
643 4.320281e-04 
644 4.308390e-04 
645 4.296514e-04 
646 4.284655e-04 
647 4.272810e-04 
648 4.260982e-04 
649 4.249169e-04 
650 4.237371e-04 
651 4.225589e-04 
652 4.213822e-04 
653 4.202069e-04 
654 4.190332e-04 
655 4.178610e-04 
656 4.166903e-04 
657 4.155211e-04 
658 4.143533e-04 
659 4.131870e-04 
660 4.120221e-04 
661 4.108587e-04 
662 4.096967e-04 
663 4.085361e-04 
664 4.073770e-04 
665 4.062193e-04 
666 4.050630e-04 
667 4.039081e-04 
668 4.027546e-04 
669 4.016024e-04 
670 4.004517e-04 
671 3.993023e-04 
672 3.981543e-04 
673 3.970077e-04 
674 3.958624e-04 
675 3.947184e-04 
676 3.935758e-04 
677 3.924346e-04 
678 3.912947e-04 
679 3.901561e-04 
680 3.890188e-04 
681 3.878828e-04 
682 3.867481e-04 
683 3.856148e-04 
684 3.844827e-04 
685 3.833520e-04 
686 3.822225e-04 
687 3.810943e-04 
688 3.799674e-04 
689 3.788418e-04 
690 3.777174e-04 
691 3.765943e-04 
692 3.754725e-04 
693 3.743519e-04 
694 3.732325e-04 
695 3.721145e-04 
696 3.709976e-04 
697 3.698820e-04 
698 3.687677e-04 
699 3.676546e-04 
701 3.665427e-04 
702 3.654320e-04 
703 3.643225e-04 
704 3.632143e-04 
705 3.621073e-04 
706 3.610015e-04 
707 3.598969e-04 
708 3.587935e-04 
709 3.576914e-04 
710 3.565904e-04 
711 3.554906e-04 
712 3.543920e-04 
713 3.532946e-04 
714 3.521984e-04 
715 3.511034e-04 
716 3.500096e-04 
717 3.489169e-04 
718 3.478254e-04 
719 3.467351e-04 
720 3.456460e-04 
721 3.445581e-04 
722 3.434713e-04 
723 3.423857e-04 
724 3.413013e-04 
725 3.402180e-04 
726 3.391359e-04 
727 3.380549e-04 
728 3.369752e-04 
729 3.358965e-04 
730 3.348191e-04 
731 3.337427e-04 
732 3.326676e-04 
733 3.315936e-04 
734 3.305207e-04 
735 3.294490e-04 
736 3.283784e-04 
737 3.273090e-04 
738 3.262407e-04 
739 3.251736e-04 
740 3.241076e-04 
741 3.230428e-04 
742 3.219791e-04 
743 3.209166e-04 
744 3.198552e-04 
745 3.187949e-04 
746 3.177358e-04 
747 3.166778e-04 
748 3.156209e-04 
749 3.145652e-04 
750 3.135106e-04 
751 3.124572e-04 
752 3.114048e-04 
753 3.103537e-04 
754 3.093036e-04 
755 3.082547e-04 
756 3.072069e-04 
757 3.061603e-04 
758 3.051148e-04 
759 3.040704e-04 
760 3.030272e-04 
761 3.019851e-04 
762 3.009441e-04 
763 2.999043e-04 
764 2.988656e-04 
765 2.978280e-04 
766 2.967916e-04 
767 2.957563e-04 
768 2.947221e-04 
769 2.936891e-04 
770 2.926572e-04 
771 2.916264e-04 
772 2.905968e-04 
773 2.895683e-04 
774 2.885409e-04 
775 2.875147e-04 
776 2.864896e-04 
777 2.854656e-04 
778 2.844428e-04 
779 2.834212e-04 
780 2.824006e-04 
781 2.813812e-04 
782 2.803630e-04 
783 2.793458e-04 
784 2.783299e-04 
785 2.773150e-04 
786 2.763013e-04 
787 2.752888e-04 
788 2.742774e-04 
789 2.732671e-04 
790 2.722580e-04 
791 2.712500e-04 
792 2.702432e-04 
793 2.692375e-04 
794 2.682330e-04 
795 2.672296e-04 
796 2.662274e-04 
797 2.652263e-04 
798 2.642263e-04 
799 2.632276e-04 
801 2.622300e-04 
802 2.612335e-04 
803 2.602382e-04 
804 2.592440e-04 
805 2.582510e-04 
806 2.572592e-04 
807 2.562685e-04 
808 2.552790e-04 
809 2.542907e-04 
810 2.533035e-04 
811 2.523175e-04 
812 2.513326e-04 
813 2.503490e-04 
814 2.493664e-04 
815 2.483851e-04 
816 2.474049e-04 
817 2.464259e-04 
818 2.454481e-04 
819 2.444715e-04 
820 2.434960e-04 
821 2.425217e-04 
822 2.415486e-04 
823 2.405766e-04 
824 2.396059e-04 
825 2.386363e-04 
826 2.376679e-04 
827 2.367007e-04 
828 2.357347e-04 
829 2.347699e-04 
830 2.338063e-04 
831 2.328438e-04 
832 2.318826e-04 
833 2.309225e-04 
834 2.299637e-04 
835 2.290060e-04 
836 2.280496e-04 
837 2.270943e-04 
838 2.261403e-04 
839 2.251874e-04 
840 2.242358e-04 
841 2.232853e-04 
842 2.223361e-04 
843 2.213881e-04 
844 2.204413e-04 
845 2.194957e-04 
846 2.185513e-04 
847 2.176081e-04 
848 2.166662e-04 
849 2.157255e-04 
850 2.147860e-04 
851 2.138477e-04 
852 2.129106e-04 
853 2.119748e-04 
854 2.110402e-04 
855 2.101068e-04 
856 2.091746e-04 
857 2.082437e-04 
858 2.073140e-04 
859 2.063856e-04 
860 2.054584e-04 
861 2.045324e-04 
862 2.036076e-04 
863 2.026842e-04 
864 2.017619e-04 
865 2.008409e-04 
866 1.999211e-04 
867 1.990026e-04 
868 1.980854e-04 
869 1.971693e-04 
870 1.962546e-04 
871 1.953411e-04 
872 1.944288e-04 
873 1.935178e-04 
874 1.926081e-04 
875 1.916996e-04 
876 1.907924e-04 
877 1.898865e-04 
878 1.889818e-04 
879 1.880784e-04 
880 1.871763e-04 
881 1.862754e-04 
882 1.853758e-04 
883 1.844775e-04 
884 1.835804e-04 
885 1.826846e-04 
886 1.817901e-04 
887 1.808969e-04 
888 1.800050e-04 
889 1.791144e-04 
890 1.782250e-04 
891 1.773369e-04 
892 1.764501e-04 
893 1.755646e-04 
894 1.746804e-04 
895 1.737975e-04 
896 1.729159e-04 
897 1.720356e-04 
898 1.711566e-04 
899 1.702788e-04 
901 1.694024e-04 
902 1.685273e-04 
903 1.676535e-04 
904 1.667810e-04 
905 1.659098e-04 
906 1.650399e-04 
907 1.641713e-04 
908 1.633040e-04 
909 1.624381e-04 
910 1.615735e-04 
911 1.607101e-04 
912 1.598481e-04 
913 1.589875e-04 
914 1.581281e-04 
915 1.572701e-04 
916 1.564133e-04 
917 1.555580e-04 
918 1.547039e-04 
919 1.538512e-04 
920 1.529998e-04 
921 1.521497e-04 
922 1.513010e-04 
923 1.504536e-04 
924 1.496075e-04 
925 1.487628e-04 
926 1.479194e-04 
927 1.470774e-04 
928 1.462367e-04 
929 1.453973e-04 
930 1.445593e-04 
931 1.437226e-04 
932 1.428873e-04 
933 1.420534e-04 
934 1.412208e-04 
935 1.403895e-04 
936 1.395596e-04 
937 1.387310e-04 
938 1.379039e-04 
939 1.370780e-04 
940 1.362535e-04 
941 1.354304e-04 
942 1.346087e-04 
943 1.337883e-04 
944 1.329693e-04 
945 1.321516e-04 
946 1.313353e-04 
947 1.305204e-04 
948 1.297069e-04 
949 1.288947e-04 
950 1.280839e-04 
951 1.272745e-04 
952 1.264664e-04 
953 1.256598e-04 
954 1.248545e-04 
955 1.240506e-04 
956 1.232480e-04 
957 1.224469e-04 
958 1.216471e-04 
959 1.208487e-04 
960 1.200518e-04 
961 1.192561e-04 
962 1.184619e-04 
963 1.176691e-04 
964 1.168777e-04 
965 1.160876e-04 
966 1.152990e-04 
967 1.145117e-04 
968 1.137259e-04 
969 1.129414e-04 
970 1.121584e-04 
971 1.113767e-04 
972 1.105964e-04 
973 1.098176e-04 
974 1.090401e-04 
975 1.082641e-04 
976 1.074895e-04 
977 1.067162e-04 
978 1.059444e-04 
979 1.051740e-04 
980 1.044050e-04 
981 1.036374e-04 
982 1.028712e-04 
983 1.021064e-04 
984 1.013431e-04 
985 1.005811e-04 
986 9.982060e-05 
987 9.906149e-05 
988 9.830381e-05 
989 9.754754e-05 
990 9.679269e-05 
991 9.603927e-05 
992 9.528727e-05 
993 9.453669e-05 
994 9.378754e-05 
995 9.303982e-05 
996 9.229352e-05 
997 9.154865e-05 
998 9.080521e-05 
999 9.006320e-05 
1000 8.863845e-05 
1001 8.797427e-05 
1002 8.730264e-05 
1003 8.662463e-05 
1004 8.594119e-05 
1005 8.525313e-05 
1006 8.456119e-05 
1007 8.386601e-05 
1008 8.316814e-05 
1009 8.246810e-05 
1010 8.176630e-05 
1011 8.106314e-05 
1012 8.035896e-05 
1013 7.965404e-05 
1014 7.894865e-05 
1015 7.824302e-05 
1016 7.753736e-05 
1017 7.683183e-05 
1018 7.612659e-05 
1019 7.542178e-05 
1020 7.471752e-05 
1021 7.401392e-05 
1022 7.331107e-05 
1023 7.260905e-05 
1024 7.190793e-05 
1025 7.120778e-05 
1026 7.050866e-05 
1027 6.981061e-05 
1028 6.911367e-05 
1029 6.841789e-05 
1030 6.772330e-05 
1031 6.702993e-05 
1032 6.633780e-05 
1033 6.564694e-05 
1034 6.495738e-05 
1035 6.426912e-05 
1036 6.358219e-05 
1037 6.289660e-05 
1038 6.221236e-05 
1039 6.152948e-05 
1040 6.084798e-05 
1041 6.016787e-05 
1042 5.948915e-05 
1043 5.881183e-05 
1044 5.813591e-05 
1045 5.746141e-05 
1046 5.678833e-05 
1047 5.611667e-05 
1048 5.544644e-05 
1050 5.477764e-05 
1051 5.411028e-05 
1052 5.344435e-05 
1053 5.277987e-05 
1054 5.211683e-05 
1055 5.145524e-05 
1056 5.079510e-05 
1057 5.013641e-05 
1058 4.947918e-05 
1059 4.882340e-05 
1060 4.816908e-05 
1061 4.751622e-05 
1062 4.686482e-05 
1063 4.621488e-05 
1064 4.556641e-05 
1065 4.491940e-05 
1066 4.427385e-05 
1067 4.362978e-05 
1068 4.298717e-05 
1069 4.234603e-05 
1070 4.170636e-05 
1071 4.106816e-05 
1072 4.043143e-05 
1073 3.979618e-05 
1074 3.916239e-05 
1075 3.853009e-05 
1076 3.789925e-05 
1077 3.726989e-05 
1078 3.664201e-05 
1079 3.601561e-05 
1080 3.539068e-05 
1081 3.476723e-05 
1082 3.414525e-05 
1083 3.352476e-05 
1084 3.290575e-05 
1085 3.228821e-05 
1086 3.167216e-05 
1087 3.105758e-05 
1088 3.044449e-05 
1089 2.983288e-05 
1090 2.922274e-05 
1091 2.861410e-05 
1092 2.800693e-05 
1093 2.740125e-05 
1094 2.679705e-05 
1095 2.619433e-05 
1096 2.559310e-05 
1097 2.499336e-05 
1098 2.439509e-05 
1099 2.403807e-05 
1100 2.341731e-05 
1101 2.280122e-05 
1102 2.218938e-05 
1103 2.158143e-05 
1104 2.097705e-05 
1105 2.037598e-05 
1106 1.977797e-05 
1107 1.918282e-05 
1108 1.859037e-05 
1109 1.800044e-05 
1110 1.741292e-05 
1111 1.682768e-05 
1112 1.624462e-05 
1113 1.566367e-05 
1114 1.508474e-05 
1115 1.450777e-05 
1116 1.393270e-05 
1117 1.335948e-05 
1118 1.278807e-05 
1119 1.221843e-05 
1120 1.165053e-05 
1121 1.108434e-05 
1122 1.051984e-05 
1123 9.957000e-06 
1124 9.395807e-06 
1125 8.836242e-06 
1126 8.278291e-06 
1127 7.721941e-06 
1128 7.167180e-06 
1129 6.613999e-06 
1130 6.062390e-06 
1131 5.512343e-06 
1132 4.963852e-06 
1133 4.416912e-06 
1134 3.871516e-06 
1135 3.327659e-06 
1136 2.785338e-06 
1137 2.244548e-06 
1138 1.705287e-06 
1139 1.167550e-06 
1140 6.313346e-07 
1141 9.663872e-08 
1142 4.365402e-07 
1143 9.682043e-07 
1144 1.498356e-06 
1145 2.026996e-06 
1146 2.554126e-06 
1147 3.079749e-06 
1149 3.603865e-06 
1150 4.126476e-06 
1151 4.647583e-06 
1152 5.167187e-06 
1153 5.685289e-06 
1154 6.201889e-06 
1155 6.716990e-06 
1156 7.230591e-06 
1157 7.742694e-06 
1158 8.253300e-06 
1159 8.762408e-06 
1160 9.270020e-06 
1161 9.776136e-06 
1162 1.028076e-05 
1163 1.078388e-05 
1164 1.128552e-05 
1165 1.178565e-05 
1166 1.228430e-05 
1167 1.278146e-05 
1168 1.327712e-05 
1169 1.377129e-05 
1170 1.426397e-05 
1171 1.475516e-05 
1172 1.524485e-05 
1173 1.573306e-05 
1174 1.621978e-05 
1175 1.670501e-05 
1176 1.718876e-05 
1177 1.767101e-05 
1178 1.815178e-05 
1179 1.863106e-05 
1180 1.910885e-05 
1181 1.958515e-05 
1182 2.005997e-05 
1183 2.053331e-05 
1184 2.100515e-05 
1185 2.147552e-05 
1186 2.194439e-05 
1187 2.241179e-05 
1188 2.287770e-05 
1189 2.334212e-05 
1190 2.380507e-05 
1191 2.426652e-05 
1192 2.472650e-05 
1193 2.518500e-05 
1194 2.564201e-05 
1195 2.609754e-05 
1196 2.655159e-05 
1197 2.700416e-05 
1199 2.745524e-05 
1200 2.790485e-05 
1201 2.835298e-05 
1202 2.879963e-05 
1203 2.924480e-05 
1204 2.968849e-05 
1205 3.013070e-05 
1206 3.057144e-05 
1207 3.101069e-05 
1208 3.144847e-05 
1209 3.188478e-05 
1210 3.231960e-05 
1211 3.275295e-05 
1212 3.318483e-05 
1213 3.361523e-05 
1214 3.404415e-05 
1215 3.447160e-05 
1216 3.489758e-05 
1217 3.532208e-05 
1218 3.574511e-05 
1219 3.616667e-05 
1220 3.658675e-05 
1221 3.700537e-05 
1222 3.742251e-05 
1223 3.783818e-05 
1224 3.825237e-05 
1225 3.866510e-05 
1226 3.907636e-05 
1227 3.948615e-05 
1228 3.989447e-05 
1229 4.030132e-05 
1230 4.070670e-05 
1231 4.111062e-05 
1232 4.151307e-05 
1233 4.191405e-05 
1234 4.231356e-05 
1235 4.271161e-05 
1236 4.310819e-05 
1237 4.350331e-05 
1238 4.389697e-05 
1239 4.428916e-05 
1240 4.467988e-05 
1241 4.506915e-05 
1242 4.545695e-05 
1243 4.584329e-05 
1244 4.622816e-05 
1245 4.661158e-05 
1246 4.699354e-05 
1247 4.737403e-05 
1250 3.618685e-06 
1251 1.310237e-03 
1252 1.290389e-03 
1253 1.270831e-03 
1254 1.251559e-03 
1255 1.232568e-03 
1256 1.213854e-03 
1257 1.195414e-03 
1258 1.177244e-03 
1259 1.159339e-03 
1260 1.141696e-03 
1261 1.124311e-03 
1262 1.107180e-03 
1263 1.090300e-03 
1264 1.073667e-03 
1265 1.057278e-03 
1266 1.041129e-03 
1267 1.025216e-03 
1268 1.009536e-03 
1269 9.940862e-04 
1271 9.788629e-04 
1272 9.638627e-04 
1273 9.490826e-04 
1274 9.345194e-04 
1275 9.201698e-04 
1276 9.060310e-04 
1277 8.920998e-04 
1278 8.783732e-04 
1279 8.648483e-04 
1280 8.515221e-04 
1281 8.383919e-04 
1282 8.254549e-04 
1283 8.127081e-04 
1284 8.001489e-04 
1285 7.877746e-04 
1286 7.755825e-04 
1287 7.635700e-04 
1288 7.517346e-04 
1289 7.400735e-04 
1291 7.285845e-04 
1292 7.172648e-04 
1293 7.061122e-04 
1294 6.951243e-04 
1295 6.842985e-04 
1296 6.736327e-04 
1297 6.631244e-04 
1298 6.527715e-04 
1299 6.425717e-04 
1300 6.325228e-04 
1301 6.226225e-04 
1302 6.128688e-04 
1303 6.032596e-04 
1304 5.937927e-04 
1305 5.844661e-04 
1306 5.752778e-04 
1307 5.662258e-04 
1308 5.573081e-04 
1309 5.485228e-04 
1311 5.398679e-04 
1312 5.313416e-04 
1313 5.229421e-04 
1314 5.146674e-04 
1315 5.065158e-04 
1316 4.984855e-04 
1317 4.905748e-04 
1318 4.827820e-04 
1319 4.751052e-04 
1320 4.675429e-04 
1321 4.600934e-04 
1322 4.527550e-04 
1323 4.455262e-04 
1324 4.384054e-04 
1325 4.313909e-04 
1326 4.244814e-04 
1327 4.176751e-04 
1328 4.109708e-04 
1329 4.043668e-04 
1331 3.978617e-04 
1332 3.914541e-04 
1333 3.851426e-04 
1334 3.789258e-04 
1335 3.728022e-04 
1336 3.667707e-04 
1337 3.608298e-04 
1338 3.549781e-04 
1339 3.492145e-04 
1340 3.435377e-04 
1341 3.379463e-04 
1342 3.324391e-04 
1343 3.270150e-04 
1344 3.216727e-04 
1345 3.164110e-04 
1346 3.112287e-04 
1347 3.061248e-04 
1348 3.010980e-04 
1349 2.961473e-04 
1350 4.265491e-04 
1351 4.258614e-04 
1352 4.251747e-04 
1353 4.244890e-04 
1354 4.238043e-04 
1355 4.231207e-04 
1356 4.224381e-04 
1357 4.217566e-04 
1358 4.210760e-04 
1360 4.203965e-04 
1361 4.197181e-04 
1362 4.190406e-04 
1363 4.183642e-04 
1364 4.176888e-04 
1365 4.170144e-04 
1366 4.163410e-04 
1367 4.156686e-04 
1368 4.149973e-04 
1370 4.143270e-04 
1371 4.136576e-04 
1372 4.129893e-04 
1373 4.123220e-04 
1374 4.116557e-04 
1375 4.109904e-04 
1376 4.103261e-04 
1377 4.096629e-04 
1378 4.090006e-04 
1380 4.083393e-04 
1381 4.076790e-04 
1382 4.070197e-04 
1383 4.063614e-04 
1384 4.057041e-04 
1385 4.050478e-04 
1386 4.043925e-04 
1387 4.037382e-04 
1388 4.030848e-04 
1390 4.024325e-04 
1391 4.017811e-04 
1392 4.011307e-04 
1393 4.004813e-04 
1394 3.998329e-04 
1395 3.991855e-04 
1396 3.985390e-04 
1397 3.978935e-04 
1398 3.972490e-04 
1400 3.966055e-04 
1401 3.959629e-04 
1402 3.953213e-04 
1403 3.946807e-04 
1404 3.940410e-04 
1405 3.934023e-04 
1406 3.927646e-04 
1407 3.921278e-04 
1408 3.914920e-04 
1410 3.908572e-04 
1411 3.902233e-04 
1412 3.895904e-04 
1413 3.889584e-04 
1414 3.883274e-04 
1415 3.876974e-04 
1416 3.870683e-04 
1417 3.864401e-04 
1418 3.858129e-04 
1420 3.851867e-04 
1421 3.845614e-04 
1422 3.839370e-04 
1423 3.833136e-04 
1424 3.826911e-04 
1425 3.820696e-04 
1426 3.814490e-04 
1427 3.808294e-04 
1428 3.802107e-04 
1430 3.795929e-04 
1431 3.789760e-04 
1432 3.783601e-04 
1433 3.777452e-04 
1434 3.771311e-04 
1435 3.765180e-04 
1436 3.759058e-04 
1437 3.752945e-04 
1438 3.746842e-04 
1440 3.740748e-04 
1441 3.734663e-04 
1442 3.728587e-04 
1443 3.722521e-04 
1444 3.716464e-04 
1445 3.710415e-04 
1446 3.704376e-04 
1447 3.698347e-04 
1448 3.692326e-04 
1449 1.016946e-03 
1450 8.761221e-04 
1451 7.545566e-04 
1452 6.496539e-04 
1453 5.591657e-04 
1454 4.811452e-04 
1455 4.139070e-04 
1456 3.559922e-04 
1457 3.061378e-04 
1458 2.632509e-04 
1459 2.263853e-04 
1460 1.947227e-04 
1461 1.675549e-04 
1462 1.442690e-04 
1463 1.243351e-04 
1464 1.072947e-04 
1465 9.275147e-05 
1466 8.036246e-05 
1467 6.983127e-05 
1468 6.090169e-05 
1469 5.335222e-05 
1470 4.699148e-05 
1471 4.165409e-05 
1472 3.719719e-05 
1473 3.349738e-05 
1474 3.044813e-05 
1475 2.795745e-05 
1476 2.594595e-05 
1477 2.434512e-05 
1479 2.309589e-05 
1480 2.214729e-05 
1481 2.145540e-05 
1482 2.098237e-05 
1483 2.069560e-05 
1484 2.056703e-05 
1485 2.057249e-05 
1486 2.069122e-05 
1487 2.090535e-05 
1488 2.119956e-05 
1489 2.156067e-05 
1490 2.197739e-05 
1491 2.244006e-05 
1492 2.294040e-05 
1493 2.347132e-05 
1494 2.402679e-05 
1495 2.460164e-05 
1496 2.519151e-05 
1497 2.579266e-05 
1498 2.640194e-05 
1499 2.701669e-05 
1500 2.763466e-05 
1501 2.825395e-05 
1502 2.887300e-05 
1503 2.949049e-05 
1504 3.010533e-05 
1505 3.071664e-05 
1506 3.132368e-05 
1507 3.192587e-05 
1509 3.252275e-05 
1510 3.311396e-05 
1511 3.369921e-05 
1512 3.427831e-05 
1513 3.485113e-05 
1514 3.541756e-05 
1515 3.597757e-05 
1516 3.653115e-05 
1517 3.707833e-05 
1518 3.761915e-05 
1519 3.815368e-05 
1520 3.868201e-05 
1521 3.920423e-05 
1522 3.972046e-05 
1523 4.023081e-05 
1524 4.073540e-05 
1525 4.123436e-05 
1526 4.172782e-05 
1527 4.221591e-05 
1528 4.269876e-05 
1529 4.317651e-05 
1530 4.364928e-05 
1531 4.411720e-05 
1532 4.458041e-05 
1533 4.503902e-05 
1534 4.549315e-05 
1535 4.594293e-05 
1536 4.638847e-05 
1537 4.682988e-05 
1540 1.461859e-03 
1541 1.461635e-03 
1542 1.461411e-03 
1543 1.461187e-03 
1544 1.460962e-03 
1545 1.460739e-03 
1546 1.460515e-03 
1547 1.460291e-03 
1548 1.460067e-03 
1549 1.459843e-03 
1550 1.459619e-03 
1551 1.459395e-03 
1552 1.459172e-03 
1553 1.458948e-03 
1554 1.458724e-03 
1555 1.458501e-03 
1556 1.458277e-03 
1557 1.458053e-03 
1558 1.457830e-03 
1560 1.457606e-03 
1561 1.457383e-03 
1562 1.457159e-03 
1563 1.456936e-03 
1564 1.456712e-03 
1565 1.456489e-03 
1566 1.456266e-03 
1567 1.456043e-03 
1568 1.455819e-03 
1569 1.455596e-03 
1570 1.455373e-03 
1571 1.455150e-03 
1572 1.454927e-03 
1573 1.454703e-03 
1574 1.454480e-03 
1575 1.454257e-03 
1576 1.454034e-03 
1577 1.453811e-03 
1578 1.453589e-03 
1580 1.453366e-03 
1581 1.453143e-03 
1582 1.452920e-03 
1583 1.452697e-03 
1584 1.452474e-03 
1585 1.452252e-03 
1586 1.452029e-03 
1587 1.451806e-03 
1588 1.451584e-03 
1589 1.451361e-03 
1590 1.451138e-03 
1591 1.450916e-03 
1592 1.450693e-03 
1593 1.450471e-03 
1594 1.450248e-03 
1595 1.450026e-03 
1596 1.449804e-03 
1597 1.449581e-03 
1598 1.449359e-03 
1600 1.449137e-03 
1601 1.448915e-03 
1602 1.448692e-03 
1603 1.448470e-03 
1604 1.448248e-03 
1605 1.448026e-03 
1606 1.447804e-03 
1607 1.447582e-03 
1608 1.447360e-03 
1609 1.447138e-03 
1610 1.446916e-03 
1611 1.446694e-03 
1612 1.446472e-03 
1613 1.446250e-03 
1614 1.446028e-03 
1615 1.445807e-03 
1616 1.445585e-03 
1617 1.445363e-03 
1618 1.445141e-03 
1620 1.444920e-03 
1621 1.444698e-03 
1622 1.444477e-03 
1623 1.444255e-03 
1624 1.444033e-03 
1625 1.443812e-03 
1626 1.443590e-03 
1627 1.443369e-03 
1628 1.443148e-03 
1629 1.442926e-03 
1630 1.442705e-03 
1631 1.442484e-03 
1632 1.442262e-03 
1633 1.442041e-03 
1634 1.441820e-03 
1635 1.441599e-03 
1636 1.441378e-03 
1637 1.441157e-03 
1638 1.440936e-03 
