1
0.928632986
0.859165985
0.791568247
0.725809023
0.661858371
0.599686352
0.539262216
0.480557639
0.423544301
0.368191451
0.314472386
0.262357974
0.211821512
0.162833868
0.115369147
0.069400646
0.024900852
-0.018156939
-0.059797003
-0.100046044
-0.138929956
-0.176473016
-0.212701118
-0.247637729
-0.281307125
-0.313734391
-0.344942186
-0.374954786
-0.403794847
-0.431485838
-0.458049606
-0.483508809
-0.507885297
-0.531201726
-0.553479136
-0.574738566
-0.595001056
-0.614288454
-0.632620181
-0.650016467
-0.666498352
-0.682084447
-0.696794982
-0.710649379
-0.723665439
-0.735864202
-0.747261853
-0.757877812
-0.767729881
-0.776836673
-0.78521518
-0.792882396
-0.799855314
-0.806151737
-0.811788658
-0.816780643
-0.821145494
-0.824899396
-0.828056913
-0.83063423
-0.832646723
-0.834108956
-0.835037114
-0.835444953
-0.83534704
-0.834757939
-0.833691406
-0.8321612
-0.830181885
-0.827765599
-0.824926099
-0.821677142
-0.818030865
-0.814001024
-0.809598141
-0.80483597
-0.799725841
-0.794279893
-0.788510262
-0.782428278
-0.77604527
-0.769371758
-0.762419879
-0.755199344
-0.747721481
-0.739996003
-0.732033427
-0.723845083
-0.715439062
-0.706825886
-0.698015263
-0.689016905
-0.679839713
-0.670491778
-0.660983621
-0.651323333
-0.641519007
-0.631579544
-0.621513844
-0.611329192
-0.601033678
-0.590634587
-0.580140818
-0.569559655
-0.558897572
-0.548161851
-0.537360584
-0.526500246
-0.515587309
-0.504628247
-0.493630344
-0.482599263
-0.471541479
-0.460463464
-0.449370884
-0.438268593
-0.427163875
-0.416061584
-0.404966576
-0.393885324
-0.382822685
-0.371782703
-0.360771043
-0.34979337
-0.33885292
-0.327954549
-0.317103111
-0.306303463
-0.295558841
-0.284873291
-0.274251668
-0.263697208
-0.253213959
-0.242805157
-0.232474848
-0.222226268
-0.212062655
-0.201987245
-0.192004085
-0.182114792
-0.172322604
-0.162630757
-0.153042489
-0.143559417
-0.134183969
-0.124919383
-0.115768085
-0.106731694
-0.097812638
-0.089012535
-0.080333813
-0.071778899
-0.063348603
-0.055045352
-0.046870764
-0.038826459
-0.030913244
-0.02313274
-0.015486563
-0.007975523
-0.000601239
0.006634671
0.013732207
0.020690559
0.02750811
0.03418405
0.04071838
0.04710948
0.05335816
0.059461992
0.065422595
0.071237541
0.076908449
0.0824337
0.087813294
0.09304804
0.09813632
0.103078944
0.107876719
0.112528838
0.1170353
0.121396105
0.125612872
0.12968479
0.133612671
0.137396513
0.141037126
0.144535318
0.147890282
0.151104443
0.154177803
0.157110362
0.159903737
0.162557929
0.165075365
0.167454428
0.169698353
0.171807141
0.1737816
0.175622542
0.177332391
0.178910341
0.180359627
0.18167944
0.182872208
0.18393874
0.184880654
0.18569957
0.186395486
0.186970831
0.187427222
0.18776547
0.187987192
0.188093198
0.188086724
0.187966962
0.187737957
0.187399709
0.186953837
0.186402769
0.185747313
0.184989897
0.18413214
0.183174851
0.182120457
0.180970577
0.179726829
0.178391641
0.176965822
0.175451799
0.173851192
0.172165618
0.170397506
0.168547663
0.166619328
0.164613309
0.162531225
0.160376313
0.15815019
0.155853667
0.15348917
0.151058319
0.148564349
0.146008071
0.143391102
0.140715871
0.137984805
0.135199522
0.13236164
0.129472779
0.126535365
0.123551827
0.120523782
0.11745285
0.114340648
0.111189604
0.108002146
0.104779892
0.101523652
0.098236662
0.09492054
0.091577715
0.088208995
0.084815999
0.081402773
0.077968507
0.074517249
0.071049806
0.067567797
0.064073651
0.060569794
0.057056226
0.053536994
0.050012098
0.046483964
0.042954213
0.03942527
0.035897946
0.032374668
0.028857055
0.025347533
0.021846104
0.018355194
0.014876422
0.011412216
0.007963385
0.004532356
0.00111913
-0.002273056
-0.005642586
-0.008989457
-0.012311243
-0.015606325
-0.018873085
-0.022110714
-0.025317593
-0.028491294
-0.031631818
-0.034736737
-0.037805242
-0.040835714
-0.043826536
-0.046777706
-0.049685988
-0.052552192
-0.055373889
-0.058149462
-0.06087891
-0.063559805
-0.066192149
-0.068774322
-0.071305514
-0.073784109
-0.076209296
-0.078580266
-0.080895401
-0.083154701
-0.085356548
-0.087500131
-0.089585452
-0.091610083
-0.093574023
-0.095476464
-0.097316596
-0.09909361
-0.100807506
-0.102455856
-0.10403947
-0.105557538
-0.107008442
-0.108392992
-0.109709568
-0.110958171
-0.112137992
-0.11324903
-0.114290477
-0.115261523
-0.116162168
-0.116992412
-0.117751446
-0.11843927
-0.119055075
-0.11959967
-0.120071437
-0.120471184
-0.120798103
-0.121053002
-0.121235073
-0.121344316
-0.12138073
-0.121344316
-0.121235073
-0.121053002
-0.120798103
-0.120471184
-0.120071437
-0.11959967
-0.119055075
-0.11843927
-0.117751446
-0.116992412
-0.116162168
-0.115261523
-0.114290477
-0.11324903
-0.112137992
-0.110958171
-0.109709568
-0.108392992
-0.107008442
-0.105557538
-0.10403947
-0.102455856
-0.100807506
-0.09909361
-0.097316596
-0.095476464
-0.093574023
-0.091610083
-0.089585452
-0.087500131
-0.085356548
-0.083154701
-0.080895401
-0.078580266
-0.076209296
-0.073784109
-0.071305514
-0.068774322
-0.066192149
-0.063559805
-0.06087891
-0.058149462
-0.055373889
-0.052552192
-0.049685988
-0.046777706
-0.043826536
-0.040835714
-0.037805242
-0.034736737
-0.031631818
-0.028491294
-0.025317593
-0.022110714
-0.018873085
-0.015606325
-0.012311243
-0.008989457
-0.005642586
-0.002273056
0.00111913
0.004532356
0.007963385
0.011412216
0.014876422
0.018355194
0.021846104
0.025347533
0.028857055
0.032374668
0.035897946
0.03942527
0.042954213
0.046483964
0.050012098
0.053536994
0.057056226
0.060569794
0.064073651
0.067567797
0.071049806
0.074517249
0.077968507
0.081402773
0.084815999
0.088208995
0.091577715
0.09492054
0.098236662
0.101523652
0.104779892
0.108002146
0.111189604
0.114340648
0.11745285
0.120523782
0.123551827
0.126535365
0.129472779
0.13236164
0.135199522
0.137984805
0.140715871
0.143391102
0.146008071
0.148564349
0.151058319
0.15348917
0.155853667
0.15815019
0.160376313
0.162531225
0.164613309
0.166619328
0.168547663
0.170397506
0.172165618
0.173851192
0.175451799
0.176965822
0.178391641
0.179726829
0.180970577
0.182120457
0.183174851
0.18413214
0.184989897
0.185747313
0.186402769
0.186953837
0.187399709
0.187737957
0.187966962
0.188086724
0.188093198
0.187987192
0.18776547
0.187427222
0.186970831
0.186395486
0.18569957
0.184880654
0.18393874
0.182872208
0.18167944
0.180359627
0.178910341
0.177332391
0.175622542
0.1737816
0.171807141
0.169698353
0.167454428
0.165075365
0.162557929
0.159903737
0.157110362
0.154177803
0.151104443
0.147890282
0.144535318
0.141037126
0.137396513
0.133612671
0.12968479
0.125612872
0.121396105
0.1170353
0.112528838
0.107876719
0.103078944
0.09813632
0.09304804
0.087813294
0.0824337
0.076908449
0.071237541
0.065422595
0.059461992
0.05335816
0.04710948
0.04071838
0.03418405
0.02750811
0.020690559
0.013732207
0.006634671
-0.000601239
-0.007975523
-0.015486563
-0.02313274
-0.030913244
-0.038826459
-0.046870764
-0.055045352
-0.063348603
-0.071778899
-0.080333813
-0.089012535
-0.097812638
-0.106731694
-0.115768085
-0.124919383
-0.134183969
-0.143559417
-0.153042489
-0.162630757
-0.172322604
-0.182114792
-0.192004085
-0.201987245
-0.212062655
-0.222226268
-0.232474848
-0.242805157
-0.253213959
-0.263697208
-0.274251668
-0.284873291
-0.295558841
-0.306303463
-0.317103111
-0.327954549
-0.33885292
-0.34979337
-0.360771043
-0.371782703
-0.382822685
-0.393885324
-0.404966576
-0.416061584
-0.427163875
-0.438268593
-0.449370884
-0.460463464
-0.471541479
-0.482599263
-0.493630344
-0.504628247
-0.515587309
-0.526500246
-0.537360584
-0.548161851
-0.558897572
-0.569559655
-0.580140818
-0.590634587
-0.601033678
-0.611329192
-0.621513844
-0.631579544
-0.641519007
-0.651323333
-0.660983621
-0.670491778
-0.679839713
-0.689016905
-0.698015263
-0.706825886
-0.715439062
-0.723845083
-0.732033427
-0.739996003
-0.747721481
-0.755199344
-0.762419879
-0.769371758
-0.77604527
-0.782428278
-0.788510262
-0.794279893
-0.799725841
-0.80483597
-0.809598141
-0.814001024
-0.818030865
-0.821677142
-0.824926099
-0.827765599
-0.830181885
-0.8321612
-0.833691406
-0.834757939
-0.83534704
-0.835444953
-0.835037114
-0.834108956
-0.832646723
-0.83063423
-0.828056913
-0.824899396
-0.821145494
-0.816780643
-0.811788658
-0.806151737
-0.799855314
-0.792882396
-0.78521518
-0.776836673
-0.767729881
-0.757877812
-0.747261853
-0.735864202
-0.723665439
-0.710649379
-0.696794982
-0.682084447
-0.666498352
-0.650016467
-0.632620181
-0.614288454
-0.595001056
-0.574738566
-0.553479136
-0.531201726
-0.507885297
-0.483508809
-0.458049606
-0.431485838
-0.403794847
-0.374954786
-0.344942186
-0.313734391
-0.281307125
-0.247637729
-0.212701118
-0.176473016
-0.138929956
-0.100046044
-0.059797003
-0.018156939
0.024900852
0.069400646
0.115369147
0.162833868
0.211821512
0.262357974
0.314472386
0.368191451
0.423544301
0.480557639
0.539262216
0.599686352
0.661858371
0.725809023
0.791568247
0.859165985
0.928632986
1