    0.0000
    0.6690
    1.3135
    1.9257
    2.4983
    3.0250
    3.4999
    3.9181
    4.2757
    4.5694
    4.7970
    4.9572
    5.0496
    5.0748
    5.0339
    4.9294
    4.7642
    4.5420
    4.2672
    3.9447
    3.5801
    3.1792
    2.7482
    2.2935
    1.8218
    1.3396
    0.8536
    0.3702
   -0.1044
   -0.5641
   -1.0033
   -1.4169
   -1.8003
   -2.1491
   -2.4599
   -2.7297
   -2.9561
   -3.1375
   -3.2728
   -3.3616
   -3.4042
   -3.4014
   -3.3546
   -3.2659
   -3.1377
   -2.9729
   -2.7749
   -2.5473
   -2.2942
   -2.0197
   -1.7281
   -1.4239
   -1.1115
   -0.7954
   -0.4799
   -0.1691
    0.1329
    0.4225
    0.6962
    0.9509
    1.1840
    1.3930
    1.5760
    1.7316
    1.8586
    1.9564
    2.0249
    2.0641
    2.0748
    2.0578
    2.0144
    1.9463
    1.8555
    1.7439
    1.6140
    1.4684
    1.3095
    1.1403
    0.9633
    0.7814
    0.5972
    0.4135
    0.2326
    0.0570
   -0.1112
   -0.2699
   -0.4175
   -0.5523
   -0.6732
   -0.7790
   -0.8691
   -0.9429
   -1.0002
   -1.0411
   -1.0657
   -1.0745
   -1.0684
   -1.0480
   -1.0145
   -0.9691
   -0.9130
   -0.8477
   -0.7746
   -0.6952
   -0.6110
   -0.5236
   -0.4344
   -0.3448
   -0.2562
   -0.1699
   -0.0869
   -0.0084
    0.0648
    0.1319
    0.1923
    0.2455
    0.2912
    0.3292
    0.3595
    0.3821
    0.3972
    0.4051
    0.4064
    0.4014
    0.3907
    0.3750
    0.3549
    0.3312
    0.3045
    0.2756
    0.2452
    0.2139
    0.1824
    0.1513
    0.1211
    0.0922
    0.0652
    0.0403
    0.0178
   -0.0021
   -0.0193
   -0.0337
   -0.0453
   -0.0542
   -0.0606
   -0.0646
   -0.0665
   -0.0663
   -0.0645
   -0.0614
   -0.0571
   -0.0519
   -0.0463
   -0.0403
   -0.0343
   -0.0285
   -0.0230
   -0.0179
   -0.0135
   -0.0097
   -0.0066
   -0.0041
   -0.0024
   -0.0012
   -0.0005
   -0.0001
   -0.0000
    0.0000
    0.0001
    0.0003
    0.0009
    0.0019
    0.0035
    0.0057
    0.0086
    0.0121
    0.0164
    0.0212
    0.0266
    0.0323
    0.0383
    0.0443
    0.0501
    0.0554
    0.0600
    0.0636
    0.0659
    0.0666
    0.0655
    0.0622
    0.0567
    0.0486
    0.0378
    0.0244
    0.0081
   -0.0109
   -0.0325
   -0.0566
   -0.0830
   -0.1113
   -0.1411
   -0.1720
   -0.2034
   -0.2348
   -0.2656
   -0.2951
   -0.3226
   -0.3474
   -0.3688
   -0.3860
   -0.3984
   -0.4054
   -0.4063
   -0.4006
   -0.3879
   -0.3678
   -0.3402
   -0.3047
   -0.2616
   -0.2108
   -0.1528
   -0.0879
   -0.0166
    0.0602
    0.1418
    0.2271
    0.3151
    0.4045
    0.4940
    0.5822
    0.6676
    0.7487
    0.8241
    0.8922
    0.9515
    1.0006
    1.0383
    1.0631
    1.0741
    1.0703
    1.0510
    1.0157
    0.9639
    0.8955
    0.8108
    0.7102
    0.5942
    0.4639
    0.3205
    0.1652
    0.0000
   -0.1734
   -0.3527
   -0.5358
   -0.7201
   -0.9031
   -1.0820
   -1.2541
   -1.4168
   -1.5671
   -1.7025
   -1.8205
   -1.9185
   -1.9944
   -2.0462
   -2.0721
   -2.0708
   -2.0412
   -1.9825
   -1.8945
   -1.7771
   -1.6310
   -1.4569
   -1.2564
   -1.0311
   -0.7834
   -0.5157
   -0.2310
    0.0673
    0.3756
    0.6900
    1.0064
    1.3205
    1.6279
    1.9241
    2.2048
    2.4656
    2.7021
    2.9104
    3.0866
    3.2274
    3.3296
    3.3906
    3.4083
    3.3809
    3.3076
    3.1878
    3.0217
    2.8101
    2.5545
    2.2571
    1.9206
    1.5483
    1.1443
    0.7130
    0.2595
   -0.2107
   -0.6918
   -1.1777
   -1.6619
   -2.1378
   -2.5989
   -3.0385
   -3.4502
   -3.8276
   -4.1647
   -4.4560
   -4.6963
   -4.8809
   -5.0060
   -5.0684
   -5.0654
   -4.9956
   -4.8580
   -4.6527
   -4.3808
   -4.0442
   -3.6458
   -3.1893
   -2.6793
   -2.1213
   -1.5215
   -0.8870
   -0.2252