   -1.0000
   -0.9940
   -0.9880
   -0.9820
   -0.9760
   -0.9700
   -0.9640
   -0.9580
   -0.9520
   -0.9460
   -0.9400
   -0.9340
   -0.9280
   -0.9220
   -0.9160
   -0.9100
   -0.9040
   -0.8980
   -0.8920
   -0.8860
   -0.8800
   -0.8740
   -0.8680
   -0.8620
   -0.8560
   -0.8500
   -0.8440
   -0.8380
   -0.8320
   -0.8260
   -0.8200
   -0.8140
   -0.8080
   -0.8020
   -0.7960
   -0.7900
   -0.7840
   -0.7780
   -0.7720
   -0.7660
   -0.7600
   -0.7540
   -0.7480
   -0.7420
   -0.7360
   -0.7300
   -0.7240
   -0.7180
   -0.7120
   -0.7060
   -0.7000
   -0.6940
   -0.6880
   -0.6820
   -0.6760
   -0.6700
   -0.6640
   -0.6580
   -0.6520
   -0.6460
   -0.6400
   -0.6340
   -0.6280
   -0.6220
   -0.6160
   -0.6100
   -0.6040
   -0.5980
   -0.5920
   -0.5860
   -0.5800
   -0.5740
   -0.5680
   -0.5620
   -0.5560
   -0.5500
   -0.5440
   -0.5380
   -0.5320
   -0.5260
   -0.5200
   -0.5140
   -0.5080
   -0.5020
   -0.4960
   -0.4900
   -0.4840
   -0.4780
   -0.4720
   -0.4660
   -0.4600
   -0.4540
   -0.4480
   -0.4420
   -0.4360
   -0.4300
   -0.4240
   -0.4180
   -0.4120
   -0.4060
   -0.4000
   -0.3940
   -0.3880
   -0.3820
   -0.3760
   -0.3700
   -0.3640
   -0.3580
   -0.3520
   -0.3460
   -0.3400
   -0.3340
   -0.3280
   -0.3220
   -0.3160
   -0.3100
   -0.3040
   -0.2980
   -0.2920
   -0.2860
   -0.2800
   -0.2740
   -0.2680
   -0.2620
   -0.2560
   -0.2500
   -0.2440
   -0.2380
   -0.2320
   -0.2260
   -0.2200
   -0.2140
   -0.2080
   -0.2020
   -0.1960
   -0.1900
   -0.1840
   -0.1780
   -0.1720
   -0.1660
   -0.1600
   -0.1540
   -0.1480
   -0.1420
   -0.1360
   -0.1300
   -0.1240
   -0.1180
   -0.1120
   -0.1060
   -0.1000
   -0.0940
   -0.0880
   -0.0820
   -0.0760
   -0.0700
   -0.0640
   -0.0580
   -0.0520
   -0.0460
   -0.0400
   -0.0340
   -0.0280
   -0.0220
   -0.0160
   -0.0100
   -0.0040
    0.0020
    0.0080
    0.0140
    0.0200
    0.0260
    0.0320
    0.0380
    0.0440
    0.0500
    0.0560
    0.0620
    0.0680
    0.0740
    0.0800
    0.0860
    0.0920
    0.0980
    0.1040
    0.1100
    0.1160
    0.1220
    0.1280
    0.1340
    0.1400
    0.1460
    0.1520
    0.1580
    0.1640
    0.1700
    0.1760
    0.1820
    0.1880
    0.1940
    0.2000
    0.2060
    0.2120
    0.2180
    0.2240
    0.2300
    0.2360
    0.2420
    0.2480
    0.2540
    0.2600
    0.2660
    0.2720
    0.2780
    0.2840
    0.2900
    0.2960
    0.3020
    0.3080
    0.3140
    0.3200
    0.3260
    0.3320
    0.3380
    0.3440
    0.3500
    0.3560
    0.3620
    0.3680
    0.3740
    0.3800
    0.3860
    0.3920
    0.3980
    0.4040
    0.4100
    0.4160
    0.4220
    0.4280
    0.4340
    0.4400
    0.4460
    0.4520
    0.4580
    0.4640
    0.4700
    0.4760
    0.4820
    0.4880
    0.4940
    0.5000
    0.5060
    0.5120
    0.5180
    0.5240
    0.5300
    0.5360
    0.5420
    0.5480
    0.5540
    0.5600
    0.5660
    0.5720
    0.5780
    0.5840
    0.5900
    0.5960
    0.6020
    0.6080
    0.6140
    0.6200
    0.6260
    0.6320
    0.6380
    0.6440
    0.6500
    0.6560
    0.6620
    0.6680
    0.6740
    0.6800
    0.6860
    0.6920
    0.6980
    0.7040
    0.7100
    0.7160
    0.7220
    0.7280
    0.7340
    0.7400
    0.7460
    0.7520
    0.7580
    0.7640
    0.7700
    0.7760
    0.7820
    0.7880
    0.7940
    0.8000
    0.8060
    0.8120
    0.8180
    0.8240
    0.8300
    0.8360
    0.8420
    0.8480
    0.8540
    0.8600
    0.8660
    0.8720
    0.8780
    0.8840
    0.8900
    0.8960
    0.9020
    0.9080
    0.9140
    0.9200
    0.9260
    0.9320
    0.9380
    0.9440
    0.9500
    0.9560
    0.9620
    0.9680
    0.9740
    0.9800
    0.9860
    0.9920
    0.9980